NaN,NaN
180,65.05
179.58,64.92
178.67,64.67
177.5,64.75
177.5,64.33
178.33,64.33
178.58,64
178.83,63.5
179.25,63
179.67,62.67
179,62.25
178.17,62.5
177,62.5
176.25,62.25
175.33,62.08
174.58,61.75
173.83,61.67
173.08,61.33
172.33,61
171.5,60.67
170.67,60.42
170.33,59.92
169.83,60.25
169.17,60.5
168.25,60.58
167.5,60.42
166.83,60.17
166.17,59.75
166.17,60.33
165.33,60.17
164.75,59.83
164.17,60
163.33,59.83
163.17,59.42
162.92,59
162.33,58.58
161.92,58.17
162.08,57.75
162.58,57.92
163.17,57.67
162.67,57.25
162.67,56.83
163.08,56.67
163.25,56.17
162.83,56
162.42,56.25
161.92,56.08
161.58,55.67
161.67,55.17
162.08,54.75
162.08,54.75
161.67,54.5
161.17,54.58
160.42,54.42
159.92,54.08
159.83,53.58
159.92,53.17
159.17,53.17
158.58,52.83
158.42,52.25
157.92,51.67
157.33,51.25
156.67,50.92
156.5,51.25
156.5,51.67
156.42,52.17
156.08,52.75
156,53.33
155.83,53.92
155.67,54.33
155.5,54.83
155.42,55.25
155.5,55.83
155.75,56.33
156,56.83
156.67,57
157,57.42
156.83,57.75
157.5,57.75
158.25,58
159,58.42
159.67,58.83
160.08,59.25
160.92,59.67
161.58,60.08
161.92,60.42
162.67,60.67
163.5,60.83
163.75,61.17
163.92,61.75
164.08,62.25
164.75,62.5
164.42,62.67
163.25,62.5
162.92,62.08
162.92,61.67
162.25,61.58
161.67,61.25
161,60.92
160.17,60.58
159.92,60.92
159.83,61.25
160.33,61.83
159.5,61.67
158.83,61.83
157.92,61.75
156.92,61.58
156.33,61.17
155.75,60.75
155,60.42
154.5,60
154.17,59.5
154.83,59.42
155.17,59.17
154,59.08
153.33,59.17
152.92,59
152,58.83
151.33,58.83
151.08,59.08
151.67,59.33
151.33,59.58
150.83,59.5
150.17,59.58
149.5,59.75
149,59.67
148.92,59.42
148.83,59.25
148.17,59.33
147.42,59.25
146.5,59.42
145.92,59.17
145.58,59.33
144.67,59.33
143.67,59.33
142.67,59.25
142,59
141.67,58.67
141,58.42
140.58,58.08
140.25,57.75
139.67,57.5
139,57.17
138.5,56.83
137.92,56.33
137.25,55.92
136.58,55.58
135.92,55.17
135.17,54.92
135.25,54.67
135.25,54.67
135.92,54.5
136.67,54.58
136.67,54.17
136.67,53.75
137.08,54.17
137.67,54.25
137.67,53.83
137.33,53.5
138.25,53.67
138.83,54.17
139.5,54.17
140.17,54
140.25,53.75
140.75,53.5
141.33,53.25
141.08,52.83
141.08,52.42
141.33,52.17
141.08,51.83
140.75,51.42
140.5,51
140.42,50.5
140.5,50
140.5,49.42
140.33,49
140.17,48.5
139.5,48
139,47.5
138.5,47.08
138.25,46.5
137.92,46.08
137.5,45.67
136.92,45.25
136.33,44.75
135.67,44.33
135.5,43.92
135,43.42
134.33,43.17
133.75,42.83
133.08,42.67
132.33,42.92
132.33,43.25
131.75,43.25
131.5,43
131.17,42.58
130.83,42.58
130.67,42.25
130.08,42.08
129.58,41.58
129.67,41.33
129.67,40.83
129.25,40.67
128.75,40.33
128.25,40.08
127.83,39.92
127.33,39.83
127.5,39.58
127.33,39.25
127.83,39
128.25,38.67
128.5,38.25
128.83,37.92
129.17,37.5
129.33,37
129.42,36.5
129.42,36
129.33,35.58
129.08,35.17
128.5,34.92
127.75,34.83
127.17,34.67
126.58,34.33
126.33,34.83
126.33,35.33
126.75,35.75
126.5,36.33
126.17,36.92
126.75,37
126.58,37.42
126.08,37.75
125.33,37.67
124.75,38.08
125,38.5
125.17,38.92
125.42,39.42
125.08,39.58
124.67,39.67
124.08,39.83
123.5,39.75
123,39.58
122.42,39.42
122.08,39.08
121.58,38.83
121.17,38.75
121.67,39.17
121.33,39.5
121.5,39.75
121.92,40
122.25,40.42
122.25,40.42
121.92,40.83
121.25,40.92
120.83,40.58
120.42,40.17
119.92,40
119.42,39.75
119.25,39.42
119,39.17
118.42,39.08
118,39.25
117.67,38.92
117.58,38.58
117.92,38.25
118.33,38
118.83,37.75
118.92,37.33
119.33,37.08
119.75,37.08
120,37.33
120.33,37.58
120.83,37.75
121.17,37.5
121.58,37.42
122.08,37.42
122.58,37.33
122.33,36.83
122,37
121.5,36.75
120.83,36.58
120.67,36.17
120.17,35.92
119.67,35.58
119.42,35.25
119.17,34.83
119.75,34.58
120.33,34.33
120.5,33.83
120.67,33.42
120.83,33
120.92,32.58
121.25,32.42
121.67,32.08
121.83,31.67
121.25,31.67
121.83,31.25
121.92,30.92
121.5,30.83
121.17,30.67
120.92,30.42
120.42,30.33
120.75,30.17
121.33,30.25
121.67,30.08
122.08,30
122,29.75
121.92,29.17
121.67,29.17
121.5,28.67
121.58,28.42
121.42,28.17
121.08,28.17
120.83,27.83
120.58,27.42
120.33,27
120,26.67
119.67,26.75
119.75,26.33
119.67,26
119.42,25.58
119.17,25.25
118.83,25
118.67,24.58
118.17,24.58
118.17,24.25
117.83,24
117.42,23.67
117,23.42
116.5,23.08
116,22.83
115.5,22.75
115,22.67
114.5,22.67
114.17,22.25
113.67,22.67
113.5,22.17
113.08,22.5
113,22
112.5,21.83
112,21.75
111.5,21.5
110.92,21.42
110.42,21.25
110.25,20.92
110.5,20.5
110.25,20.33
109.92,20.33
109.75,20.75
109.67,21
109.75,21.42
109.75,21.42
109.42,21.42
109,21.67
108.5,21.67
108,21.5
107.58,21.25
107.08,21
106.67,20.67
106.42,20.25
105.92,19.92
105.75,19.5
105.58,19
105.92,18.42
106.33,18.08
106.42,17.75
106.83,17.33
107.17,16.92
107.67,16.5
108.08,16.17
108.42,15.75
108.83,15.33
109,14.75
109.17,14.25
109.25,13.75
109.25,13.25
109.25,12.83
109.17,12.17
109.17,11.75
109,11.42
108.5,11.17
108.08,10.92
107.67,10.67
107.25,10.42
106.67,10.42
106.67,9.83
106.33,9.42
105.83,9.33
105.42,9
105,8.67
104.83,9.08
104.83,9.58
105,10.08
104.5,10.25
104.25,10.58
103.67,10.58
103.25,10.92
103,11.33
102.83,11.75
102.58,12.08
102.25,12.25
101.83,12.67
101.42,12.67
100.92,12.75
100.92,13.33
100.42,13.5
100,13.33
99.92,12.75
99.92,12.08
99.75,11.67
99.58,11.17
99.33,10.83
99.17,10.25
99.17,9.67
99.33,9.17
99.83,9.25
99.92,8.58
100.25,8.25
100.42,7.75
100.58,7.17
100.92,6.92
101.5,6.83
101.83,6.42
102.25,6.08
102.67,5.75
103.08,5.42
103.42,4.92
103.42,4.42
103.42,3.92
103.42,3.42
103.42,2.92
103.75,2.58
104.08,2
104.25,1.42
103.5,1.42
103.17,1.67
102.75,1.92
102.25,2.17
101.92,2.5
101.42,2.83
101.33,3.33
100.92,3.75
100.58,4.25
100.67,4.75
100.42,5.08
100.33,5.67
100.33,6.08
100.08,6.67
99.75,7
99.42,7.33
99.08,7.83
99.08,7.83
98.67,8.25
98.42,8.08
98.25,8.5
98.25,9
98.5,9.58
98.5,10.17
98.5,10.67
98.75,11
98.75,11.42
98.5,11.92
98.75,12.5
98.58,13.08
98.25,13.67
98.08,14.25
97.92,14.75
97.83,15.33
97.75,15.83
97.58,16.33
97.25,16.75
96.92,16.92
96.75,16.58
96.25,16.33
95.83,16.08
95.5,15.75
95.08,15.75
94.75,15.83
94.25,16.08
94.42,16.58
94.58,17.17
94.5,17.75
94.33,18.33
94.17,18.83
93.83,18.83
93.58,19.25
93.75,19.5
93.5,19.92
93.17,19.92
92.92,20.25
92.5,20.67
92.17,21.08
92,21.5
91.92,21.92
91.75,22.33
91.42,22.75
90.92,22.42
90.58,22.17
90.25,21.83
89.75,21.75
89.25,21.67
88.75,21.58
88.33,21.5
88.17,22.08
88,21.75
87.58,21.58
87.08,21.42
86.92,21.08
87,20.75
86.75,20.33
86.42,19.92
85.92,19.75
85.5,19.67
85.08,19.33
84.83,19
84.5,18.58
84.08,18.25
83.67,18.08
83.33,17.83
83,17.42
82.58,17.17
82.33,17
82.25,16.58
82,16.33
81.5,16.25
81.17,16.17
81,15.75
80.42,15.83
80.17,15.42
80.08,15
80.17,14.42
80.25,13.83
80.33,13.25
80.25,12.67
80,12.17
79.75,11.75
79.75,11.25
79.83,10.83
79.83,10.25
79.33,10.25
79,9.75
79,9.25
78.58,9.17
78.17,8.92
78,8.33
77.58,8.08
77.17,8.25
76.83,8.58
76.5,9
76.33,9.58
76.17,10.17
76.17,10.17
76,10.67
75.83,11.17
75.58,11.58
75.25,12
75,12.42
74.83,13
74.67,13.5
74.5,14
74.42,14.5
74.08,15
73.75,15.5
73.5,16
73.33,16.42
73.25,17
73.17,17.5
73,18.08
72.83,18.67
73,19
72.83,19.25
72.67,19.75
72.75,20.25
72.83,20.83
72.58,21.25
72.5,21.67
72.58,22.17
72.33,22.25
72.17,21.83
72.08,21.25
71.67,20.92
71.17,20.75
70.58,20.75
70.08,21
69.67,21.42
69.33,21.75
69.08,22.25
69.67,22.25
70.17,22.42
70.33,22.92
69.75,22.75
69.17,22.75
68.67,23.08
68.33,23.5
67.92,23.75
67.42,23.92
67.33,24.33
67.17,24.75
66.83,25
66.58,25.33
66.08,25.42
65.58,25.33
65.17,25.25
64.67,25.17
64.25,25.25
63.83,25.42
63.5,25.25
62.92,25.25
62.42,25.17
61.83,25.08
61.17,25.17
60.75,25.25
60.17,25.33
59.67,25.33
59.17,25.42
58.58,25.58
58,25.67
57.33,25.75
57.17,26.25
57.08,26.67
56.75,27
56.25,27
55.75,26.83
55.33,26.67
54.75,26.42
54.33,26.67
53.83,26.58
53.5,26.92
53,27
52.58,27.42
52.17,27.67
51.5,27.83
51.25,28.25
51.08,28.75
50.67,29.25
50.33,29.83
50,30.17
49.58,30
49.25,30.25
48.92,30.5
48.58,30
48.33,29.58
47.75,29.42
48.17,29.25
48.33,28.75
48.58,28.25
48.83,27.83
49.25,27.42
49.67,27
50.08,26.67
50.25,26.25
50.25,26.25
50.17,25.83
50.5,25.42
50.67,25.17
51,25.58
51.08,26
51.33,26.08
51.58,25.75
51.67,25.25
51.58,24.75
51.25,24.25
51.67,24.25
51.83,24
52.42,23.92
52.75,24.17
53.25,24.17
53.83,24.08
54.25,24.17
54.5,24.58
55,24.92
55.33,25.25
55.67,25.58
56.08,25.83
56.25,26.17
56.5,26.08
56.42,25.83
56.42,25.33
56.42,24.75
56.83,24.33
57.25,24
57.75,23.75
58.25,23.67
58.83,23.5
59.08,23.08
59.42,22.67
59.83,22.42
59.58,21.92
59.33,21.42
59,21.17
58.75,20.83
58.5,20.42
58.08,20.42
57.83,20
57.75,19.5
57.92,19.08
57.5,18.92
57.08,18.83
56.75,18.58
56.58,18.08
56.33,17.92
55.92,17.83
55.42,17.67
55.25,17.17
54.83,16.92
54.42,17
53.92,16.92
53.42,16.67
52.92,16.5
52.42,16.25
52.25,15.92
52.25,15.58
51.75,15.42
51.25,15.25
50.75,15.08
50.25,14.92
49.67,14.75
49.17,14.5
48.83,14.08
48.33,13.92
47.83,13.92
47.42,13.58
47.08,13.33
46.58,13.25
46.08,13.33
45.67,13.33
45.42,13
44.92,12.83
44.42,12.75
43.92,12.67
43.5,12.75
43.17,13.25
43.25,13.75
43.08,14
42.92,14.58
42.75,15.17
42.67,15.67
42.75,16.08
42.67,16.5
42.42,17
42.08,17.5
41.75,17.75
41.5,18.17
41.25,18.67
41,19.17
40.75,19.67
40.33,20.08
39.67,20.25
39.5,20.58
39.17,20.92
39.08,21.5
39.08,21.5
39,21.92
39.08,22.25
39,22.75
38.75,23.25
38.42,23.75
38,24.08
37.5,24.33
37.25,24.83
37.08,25.33
36.75,25.83
36.42,26.17
36.08,26.67
35.75,27.17
35.5,27.58
35.17,28
34.67,28
34.83,28.5
35,29
35,29.5
34.67,28.92
34.42,28.33
34.42,27.92
34.17,27.75
33.75,28.08
33.42,28.42
33.25,28.75
33,29.08
32.75,29.58
32.58,30
32.33,29.83
32.58,29.42
32.67,29
32.92,28.58
33.25,28.17
33.58,27.83
33.67,27.42
33.92,27.08
34,26.67
34.33,26.17
34.5,25.75
34.75,25.25
35,24.83
35.25,24.33
35.58,24
35.5,23.58
35.58,23.25
35.83,22.75
36.17,22.5
36.58,22.25
36.92,22.08
36.92,21.5
37.25,21.08
37.25,20.75
37.17,20.25
37.25,19.67
37.33,19.25
37.58,18.67
38.08,18.42
38.58,18
38.83,17.58
39.08,17.08
39.17,16.5
39.25,16
39.5,15.58
39.83,15.5
40.08,15
40.67,14.75
41.17,14.58
41.58,14.08
42.08,13.67
42.42,13.25
42.83,12.83
43.25,12.42
43.42,11.92
42.92,11.67
43.25,11.42
43.58,11.08
43.92,10.67
44.25,10.42
44.75,10.33
45.25,10.5
45.75,10.75
46.33,10.67
46.83,10.75
47.42,11.08
48,11.08
48.5,11.25
49,11.17
49.58,11.33
50.17,11.5
50.58,11.92
51.17,11.75
51.08,11
51,10.42
50.75,10
50.75,9.42
50.42,8.92
50.17,8.5
49.92,8.17
49.92,8.17
49.75,7.67
49.5,7.25
49.25,6.75
49.08,6.33
48.92,5.75
48.5,5.42
48.17,5.08
47.92,4.58
47.67,4.17
47.25,3.75
46.92,3.42
46.5,3
46.17,2.58
45.75,2.25
45.33,1.92
44.83,1.75
44.42,1.42
44,1
43.58,0.75
43.17,0.42
42.92,0
42.42,-0.42
42.08,-0.92
41.75,-1.25
41.5,-1.75
41.08,-2.08
40.67,-2.5
40.25,-2.42
40.25,-3
39.92,-3.58
39.58,-4.17
39.33,-4.58
39.08,-5.08
38.92,-5.58
38.75,-6.08
39.17,-6.58
39.58,-7.08
39.33,-7.58
39.33,-8.17
39.42,-8.83
39.67,-9.42
39.83,-9.92
40.17,-10.17
40.5,-10.5
40.5,-11
40.42,-11.5
40.5,-12
40.5,-12.42
40.42,-13
40.58,-13.58
40.58,-14.08
40.75,-14.67
40.67,-15.17
40.42,-15.58
40.08,-16
39.75,-16.33
39.25,-16.75
38.92,-17.08
38.25,-17.17
37.83,-17.33
37.33,-17.5
37,-17.92
36.67,-18.33
36.25,-18.83
35.83,-19
35.5,-19.42
35.17,-19.67
34.75,-20
34.67,-20.5
35,-20.83
35.17,-21.42
35.33,-22.08
35.5,-22.5
35.5,-23.08
35.42,-23.5
35.5,-24
35.25,-24.5
34.92,-24.75
34.42,-24.92
33.75,-25.17
33.42,-25.33
32.92,-25.5
32.58,-26.08
32.92,-26.25
32.92,-26.58
32.92,-27
32.75,-27.5
32.58,-28.08
32.42,-28.58
32,-28.83
31.5,-29.17
31.25,-29.58
30.92,-30
30.67,-30.5
30.42,-30.92
30,-31.33
29.58,-31.67
29.25,-32
28.83,-32.42
28.83,-32.42
28.5,-32.75
28.08,-33
27.5,-33.33
27.08,-33.67
26.58,-33.75
26,-33.75
25.75,-34
25.08,-34
24.75,-34.25
24.25,-34.17
23.67,-34
23.25,-34.17
22.67,-34.08
22.08,-34.17
21.75,-34.42
21.08,-34.42
20.5,-34.5
20.17,-34.75
19.58,-34.75
19.17,-34.42
18.75,-34.08
18.42,-34.25
18.42,-33.83
18.25,-33.42
17.83,-32.83
18.08,-32.83
18.33,-32.58
18.25,-32
17.92,-31.42
17.58,-31
17.33,-30.58
17.17,-30
16.92,-29.58
16.75,-29
16.42,-28.58
15.92,-28.25
15.67,-27.83
15.33,-27.5
15.25,-27
15.08,-26.42
14.92,-25.92
14.83,-25.5
14.83,-25
14.58,-24.42
14.5,-24
14.5,-23.5
14.42,-22.92
14.5,-22.5
14.33,-22.08
13.92,-21.67
13.75,-21.25
13.42,-20.83
13.25,-20.25
12.92,-19.75
12.67,-19.25
12.42,-18.83
12.08,-18.5
11.83,-17.92
11.75,-17.42
11.75,-17
11.83,-16.5
11.83,-16
12.08,-15.5
12.17,-15
12.33,-14.5
12.5,-13.92
12.67,-13.33
13,-12.92
13.42,-12.67
13.67,-12.25
13.83,-11.83
13.92,-11.25
13.83,-10.67
13.58,-10.33
13.33,-9.92
13.17,-9.42
13,-9.17
13.42,-8.67
13.25,-8.17
13,-7.75
12.92,-7.25
12.67,-6.75
12.42,-6.42
12.33,-6
12.17,-5.75
12.17,-5.33
11.92,-4.92
11.58,-4.5
11.33,-4.08
11,-3.75
10.67,-3.42
10.33,-3.08
9.83,-2.75
9.5,-2.25
9.17,-1.83
9,-1.33
8.75,-0.83
9.25,-0.5
9.33,0
9.33,0
9.33,0.5
9.58,0.92
9.25,1.08
9.5,1.5
9.67,1.92
9.75,2.5
9.92,3.08
9.58,3.5
9.33,3.92
8.92,4
8.83,4.5
8.42,4.5
8,4.42
7.5,4.42
7,4.33
6.5,4.25
6,4.25
5.42,4.58
5.25,5.25
5,5.92
4.5,6.33
4,6.5
3.42,6.5
2.83,6.42
2.33,6.42
2.33,6.42
1.83,6.33
1.25,6.17
1,5.83
0.33,5.83
-0.25,5.5
-0.67,5.25
-1.08,5.17
-1.58,5
-2,4.75
-2.58,5
-3.08,5.08
-3.83,5.25
-4.33,5.25
-4.75,5.17
-5.33,5.08
-5.92,5
-6.33,4.67
-6.92,4.58
-7.42,4.25
-7.83,4.33
-8.33,4.5
-8.92,4.92
-9.42,5.25
-9.83,5.58
-10.33,6.08
-11,6.42
-11.42,6.83
-11.92,7.08
-12.42,7.33
-12.92,7.83
-13.08,8.25
-13.17,8.67
-13.25,9.17
-13.58,9.58
-14,10
-14.42,10.25
-14.67,10.67
-15,11.08
-15.42,11.25
-15.5,11.92
-15.92,11.83
-16.33,12.08
-16.75,12.33
-16.75,12.92
-16.67,13.42
-16.75,14
-17,14.5
-17.42,14.75
-17,15
-16.75,15.42
-16.42,15.83
-16.42,16.5
-16.25,17
-16.08,17.5
-16,18
-16,18.5
-16.17,19
-16.5,19.5
-16.17,19.83
-16.17,20.33
-16.58,20.75
-17,21.08
-16.92,21.58
-16.83,22.08
-16.5,22.33
-16.25,22.75
-16,23.42
-15.75,23.83
-15.42,24.25
-15,24.67
-14.75,25.25
-14.58,25.67
-14.42,26.17
-14.17,26.42
-13.67,26.67
-13.42,27
-13.25,27.5
-12.92,27.92
-12.17,28
-11.5,28.25
-11.17,28.67
-10.58,28.92
-10.17,29.33
-9.83,29.75
-9.58,30.33
-9.83,30.67
-9.83,31.5
-9.5,31.75
-9.25,32.17
-9.25,32.5
-8.83,32.83
-8.5,33.25
-8,33.5
-7.42,33.67
-6.83,34
-6.58,34.42
-6.33,34.83
-6.17,35.25
-5.92,35.75
-5.92,35.75
-5.42,35.83
-5.17,35.5
-4.5,35.17
-4.08,35.25
-3.42,35.25
-3,35.33
-2.42,35.08
-1.92,35.17
-1.25,35.42
-1,35.75
-0.5,35.83
0,35.92
0.5,36.25
1,36.5
1.75,36.58
2.42,36.67
2.92,36.83
3.42,36.83
3.83,36.92
4.42,36.92
5,36.83
5.33,36.67
5.83,36.75
6.25,37
7,36.83
7.42,37
8.17,36.83
8.67,36.92
9.08,37.17
9.58,37.25
10.08,37.17
10.33,36.67
11,36.92
10.75,36.5
10.42,36.33
10.58,35.75
10.92,35.58
11,35.17
10.75,34.75
10.33,34.42
10,34.17
10.08,33.75
10.5,33.58
10.92,33.67
11.08,33.25
11.67,33
12.17,32.83
12.83,32.83
13.58,32.75
14.17,32.67
14.75,32.42
15.33,32.25
15.33,31.75
15.58,31.5
16.08,31.25
16.67,31.17
17.5,31
18.17,30.67
18.67,30.33
19.17,30.25
19.58,30.42
19.92,30.67
20.08,31.08
20,31.5
19.83,31.83
20.08,32.17
20.67,32.58
21.25,32.75
21.83,32.83
22.5,32.75
23.08,32.58
23.17,32.17
23.75,32.08
24.33,31.92
24.92,31.92
25.17,31.5
25.75,31.58
26.33,31.5
26.92,31.42
27.33,31.25
27.83,31.08
28.42,31.08
29,30.83
29.5,30.92
30,31.17
30.58,31.42
31.17,31.5
31.83,31.42
31.75,31.08
32.17,30.92
32.33,31.25
32.67,31
33.25,31.08
34,31.17
34.33,31.5
34.67,32
34.83,32.5
35,33
35.25,33.5
35.25,33.5
35.5,34.08
35.83,34.5
35.75,35
35.75,35.67
35.92,36
35.75,36.33
36.08,36.67
36,36.92
35.5,36.58
35.17,36.58
34.5,36.83
34.08,36.5
33.58,36.17
33.17,36.17
32.75,36
32.25,36.17
32,36.5
31.25,36.75
30.67,36.83
30.5,36.42
29.75,36.17
29.25,36.33
28.58,36.75
28,36.75
28.17,37
27.67,37
27.17,37
27.5,37.33
27.08,37.58
27.17,37.92
26.75,38.08
26.25,38.25
26.33,38.58
26.67,38.33
26.92,38.42
26.75,38.67
26.67,39.25
26.83,39.5
26,39.42
26.17,40
26.58,40.33
27.17,40.33
27.75,40.33
28.42,40.33
29,40.33
28.92,40.58
29.42,40.67
28.83,41
28.17,41
27.42,40.92
27.08,40.67
26.58,40.33
26.17,40
26.17,40.25
26.58,40.58
26.08,40.5
25.75,40.83
25.17,40.92
24.75,40.83
24.25,40.92
24,40.67
23.5,40.67
23.75,40.42
23.58,40.17
23.08,40.17
22.58,40.58
22.5,40
22.83,39.58
23.17,39.25
23.33,38.92
23.67,38.67
24.08,38.5
24.17,38.17
24.58,38
24,38.17
24,37.58
23.5,37.92
22.92,38
22.58,38.33
21.83,38.25
21.08,38.33
20.67,38.75
20.33,39.25
20.08,39.58
19.75,40
19.33,40.25
19.33,40.75
19.42,41.33
19.5,41.75
19,42
18.5,42.33
17.92,42.58
17.33,43
16.58,43.42
16,43.5
15.75,43.75
15.17,44
15.17,44.33
14.92,44.58
14.92,44.58
14.83,45
14.17,45.33
14.08,45
13.75,44.83
13.5,45.08
13.42,45.42
13.58,45.67
13.08,45.75
12.58,45.5
12.17,45.5
12.08,45.17
12.33,44.92
12.17,44.58
12.25,44.25
12.67,43.92
13.08,43.67
13.58,43.42
13.83,43
13.92,42.58
14.17,42.33
14.67,42.08
15.25,41.83
16.08,41.83
15.83,41.5
16.33,41.33
16.92,41.08
17.42,40.83
17.92,40.58
18.42,40.17
18.25,39.83
17.92,39.92
17.83,40.25
17.33,40.33
16.92,40.5
16.67,40.17
16.5,39.67
17,39.42
17,39
16.5,38.83
16.5,38.42
16.17,38.17
16,37.92
15.67,37.92
15.67,38.17
15.83,38.58
16.08,38.83
16,39.25
15.75,39.67
15.67,40
15,40.17
14.75,40.58
14.42,40.67
14,40.92
13.58,41.25
12.92,41.25
12.42,41.5
12,41.92
11.5,42.33
11,42.33
10.92,42.67
10.42,43.08
10.17,43.5
10.08,44
9.5,44.08
9.17,44.25
8.67,44.33
8.25,44.17
8,43.83
7.42,43.67
6.83,43.42
6.42,43.08
5.83,43
5.25,43.25
4.58,43.33
4,43.5
3.58,43.25
3,43
3.08,42.5
3.17,41.92
2.67,41.67
2.08,41.33
1.5,41.17
1,41
0.5,40.42
0,39.92
-0.33,39.5
-0.25,39.08
0.25,38.75
-0.33,38.42
-0.67,38.08
-0.83,37.67
-1.33,37.67
-1.83,37.17
-2.17,36.75
-2.75,36.75
-3.33,36.75
-3.92,36.75
-4.5,36.67
-5,36.5
-5,36.5
-5.5,36.08
-6,36.25
-6.33,36.75
-6.5,37
-7,37.25
-7.42,37.25
-7.83,37.08
-8.33,37.17
-8.92,37.08
-8.75,37.5
-8.75,38
-8.67,38.5
-9.08,38.5
-9.33,38.83
-9.25,39.33
-8.92,39.67
-8.83,40.25
-8.67,40.75
-8.58,41.17
-8.75,41.67
-8.83,42
-8.75,42.42
-9.17,43
-8.92,43.25
-8.33,43.33
-8,43.75
-7.25,43.5
-6.58,43.5
-5.83,43.58
-5.08,43.5
-4.42,43.33
-3.58,43.5
-2.75,43.42
-2.17,43.33
-1.67,43.42
-1.42,43.67
-1.25,44.25
-1.17,44.67
-1.08,45.25
-1,45.83
-1.25,46.25
-1.75,46.5
-2,46.75
-1.92,47
-2.33,47.33
-2.5,47.5
-3.17,47.58
-3.75,47.83
-4.25,47.83
-4.67,48
-4.75,48.5
-4.17,48.58
-3.67,48.75
-3,48.83
-2.67,48.5
-2,48.58
-1.42,48.58
-1.58,49.17
-1.92,49.67
-1.33,49.67
-1.08,49.25
-0.58,49.33
0,49.25
0.17,49.67
0.58,49.83
1.08,49.92
1.5,50.08
1.58,50.5
1.75,50.83
2.33,51
3,51.25
3.58,51.42
4,51.75
4.33,52.08
4.58,52.42
4.75,52.83
5.08,52.92
5.08,52.42
5.5,52.25
5.92,52.5
5.92,52.75
5.5,52.83
5.5,53.25
6.08,53.42
7,53.42
7.33,53.67
8,53.67
8.5,53.5
8.58,53.83
9,54.08
8.67,54.33
9,54.5
8.67,54.83
8.67,55.33
8.17,55.58
8.08,56
8.08,56.5
8.25,56.83
8.67,57.08
8.67,57.08
9.42,57.17
9.83,57.5
10.5,57.58
10.5,57.25
10.25,56.83
10.25,56.5
10.83,56.5
10.83,56.17
10.17,56
9.75,55.5
9.42,55
10,54.75
10,54.5
10.92,54.25
10.75,53.92
11.33,53.92
11.83,54.17
12.25,54.33
12.92,54.42
13.33,54.67
13.67,54.33
13.25,54.17
13.83,54
14.33,53.92
15.17,54.17
16,54.25
16.67,54.58
17.5,54.75
18.33,54.83
18.67,54.33
19.25,54.33
19.75,54.5
20,54.92
20.75,55.17
21.08,55.67
21,56.17
21,56.75
21.33,57.08
21.67,57.58
22.42,57.67
22.92,57.42
23.25,57.08
23.83,57
24.33,57.25
24.33,57.75
24.33,58.25
23.75,58.33
23.5,58.75
23.5,59.17
24.17,59.42
25,59.5
25.92,59.58
26.83,59.42
27.92,59.42
28.33,59.67
29.17,60
30.17,59.83
29.75,60.25
29.08,60.17
28.33,60.58
27.17,60.58
26.25,60.42
25.33,60.25
24.42,60.08
23.5,60
22.58,60.17
22.08,60.42
21.33,60.67
21.33,61
21.67,61.5
21.25,62
21.17,62.5
21.58,63
22.42,63.42
23.25,63.92
24.08,64.33
24.67,64.83
25.33,65
25.33,65.5
24.5,65.83
23.83,65.75
23.17,65.75
22.42,65.83
22,65.5
21.42,65.33
21.5,65.08
21,64.75
21.67,64.5
21,64.17
20.67,63.83
19.83,63.58
19.17,63.33
18.42,63
17.75,62.5
17.42,62.25
17.33,61.75
17.17,61.25
17.25,60.83
17.92,60.5
17.92,60.5
18.58,60.17
18.83,59.83
18.58,59.58
18,59.33
18.33,59.17
17.58,58.92
16.83,58.58
16.67,58.25
16.67,57.75
16.5,57.33
16.33,56.75
15.92,56.17
15.33,56.17
14.67,56.17
14.17,55.75
14.25,55.42
13.67,55.42
13,55.42
13,55.75
12.67,56.17
12.92,56.5
12.33,56.92
12,57.42
11.67,58
11.33,58.5
11.08,59.08
10.58,59.33
10.25,59
9.75,59
9,58.58
8.5,58.25
7.67,58
6.83,58.08
6,58.33
5.58,58.58
5.67,59
6.17,59.33
5.42,59.25
5.25,59.58
5.58,59.92
5.08,60.33
5,60.75
4.83,61.17
5.25,61.5
4.92,61.83
5.67,62.17
6.33,62.5
7,62.92
8,63
8.5,63.33
8.92,63.75
9.5,63.5
10.08,63.92
10.67,64.33
11.33,64.92
12.17,65.25
12.58,65.75
13,66.17
13.33,66.58
13.83,67
14.67,67.42
15,67.83
16.17,68.33
15,68.25
14,68.17
12.92,67.83
13.67,68.25
15,68.42
14.42,68.67
15.33,68.92
16.17,69.25
15.92,68.75
16.58,69
16.67,68.67
17.58,69
17,69.08
17,69.42
18.08,69.58
18.92,70.08
20.17,70.08
21.5,70.25
22.33,70.67
23.33,70.92
24.25,70.67
24.83,71
25.67,71.17
25.58,70.58
26.58,70.92
26.83,70.5
27.75,71.08
29.08,70.92
30.17,70.67
31.17,70.42
30,70.08
28.75,70.17
30,69.83
31.25,69.75
32.08,69.92
33.08,69.75
33.08,69.75
33.08,69.42
34.5,69.33
35.83,69.17
37,68.92
38,68.58
39,68.25
40,68
40.92,67.67
41.25,67.25
41.25,66.75
40.58,66.42
39.5,66.17
38.33,66.08
37.25,66.25
36.25,66.33
35.33,66.42
34.33,66.67
33.17,66.83
32.25,67.17
32.83,66.67
33.67,66.42
34.67,66
34.67,65.5
34.67,65.08
34.67,64.58
35.75,64.33
36.75,63.92
38,63.92
38,64.42
37.25,64.42
36.5,64.83
36.92,65.17
37.75,65.08
38.67,64.83
39.5,64.67
40.67,64.58
40.17,65.08
39.67,65.5
40.5,65.83
41.5,66.08
42.17,66.42
43.17,66.33
43.92,66.17
44.5,66.5
44.5,67
43.83,67.17
44.17,67.67
44.17,68.25
43.25,68.67
44.5,68.5
45.67,68.5
46.25,68.25
46.67,67.83
45.5,67.75
44.92,67.33
45.83,67.17
46.33,66.83
47.33,66.83
48.17,67.08
48.17,67.67
49.08,67.83
50.17,68.08
51,68.33
52.08,68.5
53,68.75
53.92,69
54,68.5
54.83,68.17
55.17,68.5
56.17,68.58
57.25,68.5
58.17,68.83
59.08,69
59.08,68.42
59.83,68.33
59.83,68.67
60.5,68.75
61.08,69
60.5,69.33
60.17,69.67
59.17,69.92
58.58,70.17
59.08,70.5
60.17,70.08
61.75,69.75
63,69.67
64.08,69.33
65.08,69.25
66,69
67.08,68.83
67.75,68.5
68.58,68.25
69.08,68.75
68.33,69
67.83,69.5
66.92,69.67
66.92,70
67.33,70.42
66.83,70.83
66.83,70.83
67,71.25
68.25,71.58
68.75,72
68.92,72.5
69.5,72.92
70.08,73.33
71.17,73.5
71.67,73.17
71.33,72.92
72.83,72.67
72.83,72.33
72.42,71.92
71.83,71.5
72.67,71.08
72.67,70.58
72.67,70.08
72.58,69.5
72.58,69
73.58,68.58
73.17,68.17
73.17,67.75
72.5,67.33
71.83,67
70.5,66.67
71.58,66.25
72.5,66.5
73.5,66.83
74,67.25
74.83,67.67
74.5,68.25
74.58,68.75
75.5,69
73.92,69.08
73.67,69.67
73.83,70.17
74.33,70.58
73.83,71
73.17,71.33
73.75,71.83
74.67,72
75.17,72.33
75.08,72.67
74.17,72.92
74.5,73.08
75.5,72.75
75.75,72.25
75.33,71.83
75.33,71.33
76.92,71.17
78.5,71
78,71.25
76.58,71.5
76.08,71.92
76.92,72.08
77.75,71.83
78.33,72
77,72.33
77.75,72.58
78.5,72.33
79.5,72.33
80.58,72.08
81.58,71.67
82.83,71.83
82.17,72.25
80.83,72.42
80.83,72.92
80.33,73.5
82,73.58
83.75,73.67
85.25,73.83
87,73.92
86.5,74.33
86.58,74.67
87.5,75
88.67,75.33
90.58,75.58
92.17,75.75
93.25,76.08
94.75,76.08
97,76.33
96.67,76
99.42,76.17
99,76.5
101,76.5
101,77
102.5,77.42
104.08,77.75
106.08,77.42
104.25,77.08
106,77.08
107.5,77
106.42,76.5
107.83,76.5
108.17,76.75
109.58,76.75
111.17,76.67
112.42,76.5
113.5,76.17
113.83,75.75
113.83,75.75
113.67,75.25
112.5,74.92
111,74.5
109.67,74.17
108.33,73.75
107.17,73.58
106.5,73.17
107.58,73.17
108.83,73.33
110.17,73.5
109.5,73.75
110.17,74
111.17,73.83
112,73.67
113,73.67
112.83,74.08
111.58,74.33
112.08,74.5
113.33,74.42
112.83,74.08
113.67,73.5
114.83,73.67
115.92,73.75
117.25,73.58
118.67,73.58
118.5,73.17
120,73
122,72.92
123.33,73
122.83,73.33
123,73.67
124.83,73.67
126.92,73.42
128.58,73.25
129.83,72.75
129.5,72.25
128.75,71.83
129.42,71.33
130.33,70.92
131.25,70.75
132,71.08
132.25,71.5
132.58,71.92
133.5,71.5
134.42,71.33
135,71.58
135.83,71.67
136.67,71.5
138.58,71.58
140.17,71.5
139.67,71.92
139.33,72.25
139.75,72.5
141.17,72.5
140.67,72.83
142.42,72.75
143.83,72.67
145.25,72.58
146.83,72.33
148.5,72.33
149.83,72.17
150,71.67
150.67,71.42
151.58,71.42
152.42,71.17
152.42,70.83
153.5,70.92
154.58,70.92
156,71.08
157.5,71
158.83,70.92
159.67,70.67
160,70.25
159.5,69.83
160.67,69.58
162.25,69.58
164,69.67
165.67,69.58
167,69.42
167.67,69.67
168.25,70
169.42,69.83
169.17,69.58
168.25,69.58
168.33,69.25
169.33,69.08
169.58,68.75
170.42,68.83
171,69.08
170.58,69.5
170.58,70.08
172,70
173.33,69.92
174.67,69.83
176.17,69.83
177.42,69.58
178.67,69.42
179.75,69.17
180,69.08
180,65.05
NaN,NaN
-80.08,0
-80,0.67
-79.33,1
-78.83,1.25
-79,1.67
-78.58,1.75
-78.67,2.17
-78.33,2.67
-77.75,2.67
-77.5,3.25
-77.17,3.67
-77.5,4
-77.33,4.5
-77.42,5
-77.42,5.5
-77.5,6.17
-77.42,6.58
-77.75,7
-78.17,7.42
-78.42,8
-78.17,8.33
-78.5,8.33
-78.75,8.75
-79.17,9
-79.5,9
-79.75,8.58
-80.08,8.33
-80.5,8.17
-80.42,7.83
-80,7.5
-80.5,7.25
-80.92,7.17
-81,7.75
-81.5,7.75
-81.75,8.08
-82.25,8.25
-82.75,8.33
-83,8.17
-83.25,8.42
-83.75,8.5
-83.67,9
-84,9.33
-84.58,9.67
-84.83,10
-85.17,9.67
-85.33,9.83
-85.67,9.92
-85.83,10.33
-85.75,10.75
-85.75,11.17
-86.17,11.5
-86.58,11.83
-87,12.25
-87.33,12.58
-87.67,13
-87.33,13
-87.67,13.42
-87.83,13.17
-88.42,13.17
-88.83,13.17
-89.33,13.42
-89.75,13.42
-90,13.67
-90.5,13.92
-91,13.92
-91.5,14.08
-92,14.33
-92.33,14.67
-92.75,15
-93.17,15.42
-93.42,15.67
-93.83,15.92
-94.25,16.08
-94.67,16.17
-95.17,16.17
-95.67,15.92
-96.25,15.67
-96.83,15.83
-97.42,16
-98,16.08
-98,16.08
-98.5,16.33
-99,16.58
-99.5,16.67
-100,16.92
-100.5,17.08
-101,17.25
-101.58,17.67
-102,18
-102.25,18
-102.83,18.08
-103.5,18.33
-103.83,18.75
-104.33,19.08
-104.92,19.33
-105.33,19.83
-105.67,20.33
-105.33,20.58
-105.5,20.83
-105.17,21.17
-105.17,21.5
-105.5,21.75
-105.67,22.42
-106,22.75
-106.42,23.17
-106.75,23.5
-107.17,24
-107.58,24.33
-108,24.67
-108.33,25.25
-109,25.5
-109.42,25.75
-109.42,26
-109.25,26.33
-109.5,26.67
-109.75,26.67
-110,27
-110.58,27.42
-110.58,27.92
-111.17,28
-111.67,28.5
-112.17,29
-112.42,29.5
-112.75,29.92
-112.83,30.25
-113.08,30.75
-113.08,31.17
-113.5,31.33
-113.83,31.58
-114.17,31.5
-114.75,31.75
-114.83,31.42
-114.75,31
-114.58,30.58
-114.67,30.17
-114.42,29.83
-114,29.58
-113.67,29.17
-113.25,28.75
-112.92,28.33
-112.75,27.83
-112.33,27.5
-112,27
-111.5,26.5
-111.33,26
-111,25.5
-111,25.17
-110.67,24.83
-110.83,24.67
-110.58,24.25
-110.17,24.25
-109.75,23.75
-109.42,23.33
-110,22.83
-110.33,23.5
-110.83,23.83
-111.25,24.25
-111.67,24.58
-112.33,24.83
-112.08,25.17
-112.08,25.67
-112.33,26.17
-112.83,26.42
-113.17,26.75
-113.58,26.75
-114,27
-114.33,27.17
-114.5,27.5
-115,27.83
-114.42,27.75
-114,28
-114,28.42
-114.33,28.75
-114.67,29.08
-115.17,29.5
-115.67,29.67
-115.75,30.25
-116,30.33
-116,30.75
-116.33,31
-116.33,31
-116.33,31.25
-116.58,31.58
-116.75,32
-117.08,32.5
-117.25,33
-117.5,33.42
-118,33.75
-118.33,33.75
-118.42,34.08
-118.75,34.08
-119.25,34.25
-119.83,34.42
-120.58,34.58
-120.58,35.08
-121.08,35.58
-121.42,36
-121.92,36.33
-121.83,36.58
-121.83,37
-122.17,37
-122.42,37.33
-122.5,37.75
-122.08,37.5
-122.33,37.92
-122.17,38.08
-122.5,38.17
-122.5,37.92
-123,38
-122.92,38.33
-123.33,38.58
-123.67,38.92
-123.75,39.33
-123.75,39.67
-124,40
-124.33,40.25
-124.33,40.5
-124.08,41
-124,41.5
-124.17,42
-124.42,42.33
-124.5,42.83
-124.25,43.42
-124.08,44
-124,44.5
-124,45
-123.83,45.42
-123.92,45.83
-123.92,46.17
-123.17,46.17
-123.92,46.33
-124,46.67
-124.08,47
-124.33,47.5
-124.58,47.92
-124.75,48.17
-124.67,48.42
-123.83,48.17
-123.17,48.17
-122.58,47.92
-123,47.5
-122.58,47.67
-122.5,47.5
-122.25,48
-122.58,48.42
-122.42,48.58
-122.75,49
-123.17,49.25
-123.17,49.75
-123.75,49.5
-124.33,49.75
-124.92,50.08
-125.5,50.42
-126.25,50.67
-127,50.83
-127.75,51.17
-127.75,51.5
-128.17,51.83
-128.42,52.33
-129.17,52.58
-129.75,53.17
-130.33,53.42
-130.75,53.92
-130.17,54.17
-130.42,54.42
-130.08,54.92
-130.75,54.75
-131.33,55
-131.75,55.33
-132.08,55.75
-132,56.08
-132.5,56.08
-133,56.25
-132.58,55.83
-132.08,55.25
-132.08,54.67
-132.5,55.08
-133.08,55.33
-133.42,55.58
-133.67,55.92
-133.67,55.92
-133.67,56.33
-134.17,56.25
-134.33,56.75
-133.83,57.08
-133,56.92
-133.42,57.25
-133.75,57.58
-134,57.25
-134.5,57
-134.5,57.42
-134.75,57.92
-134.67,58.25
-135,58.67
-135.17,58.25
-135.67,58.25
-135,57.92
-135,57.42
-134.75,56.83
-134.75,56.17
-135.17,56.75
-135.5,57.25
-136.17,57.67
-136.5,58.17
-137.25,58.42
-137.92,58.75
-138.67,59.17
-139.5,59.42
-139.67,59.92
-140.25,59.67
-141.08,59.75
-142,60
-143,60
-144,60
-145,60.25
-146,60.58
-146.67,60.83
-147.5,60.83
-148.33,61
-148.17,60.42
-148.67,59.92
-149.5,59.92
-150.17,59.58
-150.92,59.25
-151.92,59.17
-151.42,59.5
-151.92,59.67
-151.42,60.17
-151.33,60.75
-150.42,60.92
-149.92,61.25
-150.67,61.25
-151.67,60.92
-152.25,60.58
-152.5,60.08
-153.08,59.67
-153.83,59.42
-154.08,59.08
-153.33,58.92
-153.83,58.5
-154.33,58.17
-155.25,57.83
-156.17,57.42
-156.67,57
-157.67,56.67
-158.42,56.42
-158.75,56
-159.58,55.83
-160.5,55.58
-161.42,55.42
-162,55.17
-162.83,55
-163.67,54.67
-164.75,54.33
-164.92,54.58
-163.92,55
-162.92,55.25
-162.33,55.67
-161.42,55.92
-160.5,56
-159.92,56.5
-159,56.83
-158.33,57.25
-157.67,57.58
-157.5,58.17
-157.42,58.75
-158,58.67
-158.67,58.75
-158.92,58.42
-159.58,58.92
-161,58.92
-161.58,58.75
-161.92,59.17
-161.67,59.5
-162.17,60.08
-163,59.67
-163.83,59.67
-164.33,60.08
-164.92,60.58
-165.25,61.08
-165.25,61.08
-166,61.5
-165.5,62.17
-164.83,62.67
-164.67,63
-163.92,63.25
-163,63
-162.25,63.42
-161,63.5
-160.75,64
-161.25,64.42
-161,64.83
-161.92,64.67
-162.67,64.42
-163.67,64.58
-164.92,64.5
-166.33,64.67
-166.67,65
-166.33,65.33
-167.25,65.42
-167.83,65.58
-166.83,66
-165.75,66.25
-164.67,66.5
-163.83,66.5
-163.75,66.08
-162.17,66.08
-161.75,66.42
-162.5,66.83
-163.5,67.17
-164,67.67
-165.25,67.98
-166.17,68.33
-166,68.83
-164.83,68.92
-163.5,69.08
-163,69.45
-162.67,69.92
-161.58,70.33
-160.42,70.42
-159,70.83
-157.58,70.87
-156.33,71.33
-154.83,71.13
-154.33,70.87
-152.5,70.87
-151.5,70.48
-150.33,70.48
-149,70.47
-147.5,70.22
-146.17,70.22
-145.08,70
-144,70.08
-142.83,70.08
-141.83,69.83
-141,69.62
-139.5,69.58
-138.33,69.32
-137.33,69
-136,68.75
-135.92,69.17
-135.17,69.5
-134.17,69.58
-133.33,69.38
-132.58,69.67
-131.17,69.98
-129.83,70.25
-129.42,69.83
-128.5,70
-128,70.58
-126.67,70.08
-126.17,69.58
-125.33,69.42
-124.42,70
-124.33,69.42
-123.5,69.37
-123,69.83
-121.33,69.83
-120.25,69.47
-118.83,69.22
-117.5,69
-116,68.97
-114.67,68.72
-114.08,68.3
-115.08,68.17
-115.33,67.83
-114.17,67.83
-113,67.67
-111.58,67.83
-110.25,68
-109.25,67.75
-108.17,67.58
-107.83,68
-109,68.25
-108.25,68.58
-106.92,68.75
-105.67,68.9
-104.58,68.35
-103,68.03
-101.75,67.75
-101.75,67.75
-100,67.58
-98.75,67.67
-98.67,68.25
-98,68.58
-99.58,69
-98.58,69.33
-97.92,69.83
-96.42,69.33
-95.58,68.75
-96.92,68.38
-96.83,67.82
-95.83,67.5
-95.5,67.98
-95.17,68
-94.25,68.5
-94.67,69
-94,69.42
-95.67,69.83
-96.75,70.42
-96.25,70.97
-95.83,71.5
-95,71.75
-95,72.25
-95,72.67
-95.25,73.17
-95.58,73.58
-95.17,74
-93.17,74.17
-91.17,74.02
-90.17,73.83
-90.67,73.58
-91.33,73.17
-91.92,72.75
-93.08,72.75
-94,72.58
-93.5,72.25
-94.17,71.92
-93.5,71.42
-92.67,71
-91.92,70.67
-91.33,70.17
-92.42,69.75
-91.33,69.5
-90.67,69.08
-89.92,68.58
-88.92,69.25
-88,68.75
-88,68.33
-88.17,67.83
-87.25,67.25
-86.5,67.42
-86.5,67.83
-85.42,68.17
-85.42,68.75
-85.5,69.33
-85.5,69.83
-84.25,69.83
-82.92,69.67
-82.75,69.33
-81.33,69.2
-81.33,68.58
-82.42,68.33
-82.42,67.83
-81.17,67.58
-81.42,67
-82.67,66.58
-83.75,66.17
-85.08,66.33
-85.5,66.58
-86.75,66.5
-86,66.17
-87,65.5
-87,65
-87.75,64.5
-88.5,64
-90,64
-90.67,63.42
-90.58,62.92
-91.58,62.75
-92.5,62.58
-92.5,62.08
-93.17,61.92
-93.67,61.5
-94.17,61
-94.42,60.58
-94.67,60.17
-94.75,59.58
-94.75,59.08
-94.42,58.67
-93.75,58.75
-93.08,58.67
-92.67,58.08
-92.67,57.67
-92.33,57.25
-92.33,56.92
-91.75,57.08
-91,57.25
-90,56.92
-89,56.75
-89,56.75
-88.08,56.42
-87.5,56
-86.83,55.83
-86,55.67
-85,55.25
-84,55.25
-83,55.25
-82.17,55
-82.42,54.25
-82.17,53.83
-82.17,53.42
-82.33,52.92
-81.67,52.5
-81.25,52.08
-80.75,51.75
-80.42,51.33
-79.75,51
-79.83,51.33
-79,51.67
-78.42,52.17
-78.83,52.67
-78.83,53.17
-78.92,53.75
-79.17,54.17
-79.5,54.58
-78.75,54.83
-78,55.17
-77.25,55.58
-76.75,56
-76.75,56.67
-77,57.25
-77.17,57.67
-77.5,58.25
-78.08,58.42
-78.67,58.75
-78.58,59.08
-77.92,59.17
-77.42,59.58
-77.42,60
-77.58,60.5
-78.08,60.75
-77.75,61.17
-77.5,61.58
-78.08,61.83
-78.08,62.25
-77.42,62.5
-76.42,62.42
-75.5,62.25
-74.83,62.25
-73.67,62.42
-72.92,62.17
-72.25,61.83
-71.5,61.58
-71.75,61.25
-71,61
-70.25,61
-69.5,60.92
-69.67,60.5
-69.42,60.08
-69.5,59.58
-69.5,59.25
-69,58.83
-68.42,58.75
-67.75,58.17
-66.75,58.42
-66.42,58.75
-65.67,59
-65.25,59.42
-65.58,59.75
-65.17,60
-64.67,60.33
-64.33,60
-63.83,59.5
-63.25,59
-62.83,58.5
-62.33,58
-61.83,57.67
-61.83,57.33
-61.33,57.08
-61.75,56.75
-61.75,56.25
-61.33,55.92
-60.5,55.67
-60.33,55.25
-59.25,55.17
-58.92,54.83
-58,54.75
-57.5,54.5
-58.33,54.17
-57.33,54.08
-57.25,53.67
-56.5,53.67
-55.83,53.17
-56,52.75
-55.67,52.08
-56.17,51.83
-56.83,51.5
-57.83,51.42
-58.67,51.17
-58.67,51.17
-59.08,50.83
-59.5,50.5
-60,50.17
-60.92,50.17
-61.67,50.08
-62.17,50.25
-62.83,50.25
-63.42,50.25
-64,50.33
-64.75,50.25
-65.42,50.25
-66,50.25
-66.75,50.08
-67.17,49.75
-67.33,49.33
-68,49.33
-68.67,48.92
-69.25,48.58
-69.67,48.17
-70,47.83
-70.42,47.5
-70.75,47.17
-71.17,46.83
-70.5,47
-70.08,47.33
-69.67,47.67
-69.25,48.08
-68.67,48.42
-68,48.67
-67.42,48.83
-66.75,49.08
-66,49.17
-65.25,49.25
-64.58,49.08
-64.25,48.83
-64.25,48.5
-64.83,48.25
-65.33,48.08
-66.33,48.08
-65.67,47.58
-64.83,47.75
-65,47.33
-64.92,46.75
-64.58,46.25
-64,46.08
-63.25,45.75
-62.58,45.67
-62,45.83
-61.5,45.75
-61.5,46.17
-61,46.58
-60.67,47
-60.42,46.83
-60.5,46.33
-59.83,46
-60.42,45.67
-61,45.5
-61.17,45.17
-62,45
-63,44.75
-63.67,44.5
-64.17,44.5
-64.5,44.17
-65,43.83
-65.5,43.5
-66,43.75
-66.17,44.17
-65.92,44.58
-65.33,44.92
-64.92,45.08
-64.25,45.42
-64.92,45.33
-64.83,45.67
-65.58,45.33
-66.25,45.17
-67,45.17
-67,44.83
-67.5,44.58
-68,44.42
-68.58,44.25
-68.83,44.42
-69.17,44
-69.75,43.83
-70.25,43.67
-70.25,43.5
-70.58,43.17
-70.83,42.83
-70.75,42.58
-71,42.33
-70.67,42.17
-70.5,41.75
-70,41.75
-70,42
-70,41.67
-70.67,41.5
-70.67,41.67
-71.08,41.5
-71.33,41.75
-71.5,41.42
-71.5,41.42
-72,41.25
-72.5,41.25
-73,41.25
-73.5,41.08
-74,40.83
-74.33,40.5
-74,40.33
-74.17,39.83
-74.5,39.33
-75,39
-75.25,39.33
-75.58,39.5
-75.42,39
-75,38.42
-75.25,38.17
-75.58,37.75
-75.75,37.25
-76,37.17
-75.83,37.67
-75.67,38
-76,38
-75.92,38.25
-76.33,38.42
-76.17,38.83
-76.17,39.17
-76,39.5
-76.42,39.33
-76.58,39
-76.5,38.5
-76.42,38.17
-76.92,38.25
-76.33,37.92
-76.42,37.5
-76.42,37.17
-76,36.83
-75.83,36.5
-75.75,36.08
-75.5,35.75
-75.75,36.08
-76,36.17
-76.33,36.08
-76.75,35.92
-76.25,35.92
-75.83,35.92
-75.83,35.58
-76,35.33
-76.33,35.33
-76.83,35
-76.33,35
-76.58,34.75
-77.17,34.67
-77.58,34.33
-78,34
-78.42,33.92
-78.92,33.67
-79.17,33.33
-79.5,33
-80,32.67
-80.5,32.42
-81,32
-81.25,31.5
-81.5,31
-81.42,30.5
-81.33,30
-81.08,29.5
-80.92,29
-80.58,28.5
-80.58,28.17
-80.33,27.58
-80.08,27
-80.08,26.42
-80.17,25.83
-80.42,25.33
-80.67,25.17
-81.08,25.08
-81.25,25.5
-81.67,25.83
-81.92,26.33
-82.17,26.75
-82.5,27.08
-82.58,27.42
-82.42,27.92
-82.75,27.83
-82.75,28.17
-82.67,28.58
-82.83,29.08
-83.08,29.17
-83.5,29.75
-83.92,30.08
-84.42,30
-84.83,29.75
-85.33,29.67
-85.5,30.08
-86,30.25
-86.33,30.5
-86.83,30.42
-87.33,30.33
-87.83,30.33
-88,30.67
-88,30.67
-88.25,30.42
-88.75,30.5
-89.17,30.5
-89.67,30.25
-90.17,30.5
-90.42,30.08
-90.08,30
-89.67,30.08
-89.25,30.08
-89.33,29.83
-89.58,29.67
-89.58,29.5
-89.08,29.17
-89.25,29
-89.5,29.25
-89.83,29.33
-90.17,29.17
-90.75,29.08
-91.25,29.17
-91.33,29.5
-91.83,29.83
-92.25,29.58
-92.75,29.67
-93.25,29.83
-93.83,29.75
-94.25,29.67
-94.75,29.42
-94.75,29.83
-95.08,29.67
-94.83,29.25
-95.17,29
-95.5,28.75
-96,28.67
-96.5,28.33
-97,28
-97.33,27.67
-97.42,27.17
-97.25,26.67
-97.25,26.17
-97.17,25.75
-97.42,25.33
-97.58,24.83
-97.75,24.33
-97.75,23.83
-97.75,23.33
-97.75,22.83
-97.92,22.42
-97.75,21.92
-97.25,21.58
-97.42,21.25
-97.25,20.83
-97,20.5
-96.67,20.17
-96.42,19.67
-96.17,19.25
-95.83,18.83
-95.33,18.67
-94.83,18.5
-94.5,18.17
-94.17,18.17
-93.58,18.33
-93,18.42
-92.42,18.67
-91.83,18.58
-91.83,18.42
-91.25,18.58
-91.33,18.83
-91,19.08
-90.67,19.25
-90.67,19.67
-90.5,20
-90.42,20.42
-90.33,21
-90,21.17
-89.5,21.25
-89,21.33
-88.5,21.5
-88,21.58
-87.58,21.5
-87.08,21.5
-86.83,21.33
-86.83,20.92
-87.25,20.5
-87.42,20
-87.5,19.5
-87.58,19
-87.67,18.42
-87.92,17.92
-88.17,18.33
-88.25,17.5
-88.25,17
-88.5,16.33
-89,16
-88.58,15.83
-88.17,15.58
-87.58,15.83
-87,15.67
-86.5,15.75
-86,15.92
-86,15.92
-85.5,15.83
-85,15.92
-84.67,15.83
-84.25,15.75
-83.83,15.33
-83.42,15.17
-83.25,15
-83.25,14.25
-83.5,13.83
-83.5,13.25
-83.5,12.75
-83.67,12.17
-83.67,11.67
-83.83,11.25
-83.67,10.83
-83.42,10.42
-83.17,10
-82.75,9.67
-82.33,9.42
-82.17,9
-81.75,9
-81.42,8.75
-80.83,8.92
-80.33,9.08
-79.83,9.25
-79.58,9.58
-79.08,9.58
-78.67,9.42
-78.25,9.33
-77.83,9
-77.5,8.67
-77.17,8.33
-76.75,7.83
-76.75,8.58
-76.25,9
-76,9.42
-75.58,9.5
-75.58,10
-75.5,10.5
-75.25,10.83
-74.83,11
-74.42,10.92
-74.17,11.25
-73.5,11.17
-73,11.42
-72.67,11.67
-72.25,11.83
-72,12.17
-71.67,12.42
-71.33,12.33
-71.17,12.08
-71.42,11.67
-71.92,11.5
-71.67,11
-71.5,10.58
-71.75,10.25
-72,9.75
-71.75,9.42
-71.67,9
-71.08,9.17
-71.08,9.75
-71.42,10.33
-71.42,10.92
-71,11.08
-70.58,11.25
-70.17,11.5
-70.33,11.92
-69.92,12.17
-69.75,11.5
-69.33,11.5
-68.83,11.42
-68.42,11.17
-68.33,10.75
-68.17,10.42
-67.58,10.5
-67,10.5
-66.58,10.58
-66.17,10.58
-66,10.33
-65.58,10.17
-65,10.08
-64.5,10.25
-64,10.67
-63.42,10.67
-62.75,10.67
-62.17,10.67
-63,10.5
-62.67,10.17
-62.33,9.75
-62,9.83
-61.58,9.67
-61,9.5
-60.83,9
-61,8.42
-60.25,8.58
-59.67,8.25
-59.17,7.92
-58.67,7.58
-58.5,7.17
-58.5,7.17
-58.58,6.75
-58.17,6.83
-57.67,6.5
-57.33,6.25
-57.08,5.92
-56.5,5.83
-56,5.83
-55.5,5.92
-55,5.92
-54.5,5.83
-54,5.67
-53.67,5.58
-53.25,5.42
-52.75,5.17
-52.33,4.83
-51.83,4.5
-51.5,4.25
-51,3.75
-51,3.17
-50.67,2.5
-50.5,1.83
-49.92,1.75
-50,1
-50.42,0.5
-50.75,0.17
-51.17,-0.17
-51.33,-0.67
-51.42,-1.25
-50.83,-1
-50.58,-1.67
-50.42,-1
-50.42,-0.42
-50,-0.17
-49.5,-0.25
-49,-0.17
-48.42,-0.33
-48.58,-1
-48.75,-1.42
-48.5,-1.58
-48.17,-0.83
-47.83,-0.67
-47.25,-0.67
-46.67,-1
-46.17,-1.17
-45.5,-1.33
-45.33,-1.67
-44.83,-1.5
-44.67,-1.92
-44.42,-2.33
-44.58,-2.83
-44,-2.67
-43.5,-2.42
-43,-2.5
-42.5,-2.75
-42,-2.75
-41.5,-3
-41,-3
-40.5,-2.83
-40,-2.83
-39.5,-3.17
-39,-3.5
-38.5,-3.83
-38.17,-4.17
-37.83,-4.5
-37.33,-4.75
-37,-5.08
-36.5,-5.17
-36,-5.08
-35.42,-5.25
-35.17,-5.83
-35,-6.42
-34.83,-7
-34.75,-7.5
-34.83,-8.17
-35.08,-8.67
-35.33,-9.17
-35.58,-9.58
-36,-10
-36.25,-10.42
-36.75,-10.75
-37,-11
-37.33,-11.5
-37.58,-12
-38,-12.58
-38.42,-13
-38.92,-13.33
-39,-14
-39.08,-14.5
-39,-15
-39,-15.5
-38.92,-16
-39.08,-16.58
-39.17,-17.17
-39.17,-17.67
-39.5,-18
-39.58,-18.5
-39.58,-19
-39.67,-19.5
-40.17,-20
-40.17,-20
-40.33,-20.5
-40.83,-21
-41,-21.5
-41,-22
-41.5,-22.25
-42,-22.5
-42,-22.92
-42.5,-22.92
-43,-23
-43.5,-23
-44,-22.92
-44.67,-23
-44.5,-23.33
-45,-23.33
-45.42,-23.83
-45.75,-23.67
-46.33,-24
-46.83,-24.17
-47.25,-24.58
-47.75,-25
-48.17,-25.42
-48.58,-25.83
-48.58,-26.33
-48.58,-27
-48.5,-27.5
-48.58,-28
-48.75,-28.5
-49,-28.67
-49.42,-29
-49.83,-29.5
-50.17,-30
-50.33,-30.5
-50.67,-31
-51,-31.5
-51.5,-31.83
-52,-32.17
-52.42,-32.5
-52.58,-33
-53,-33.5
-53.5,-33.83
-53.58,-34.17
-54,-34.5
-54.5,-34.75
-55,-34.83
-55.67,-34.75
-56.25,-34.83
-56.83,-34.67
-57.17,-34.42
-57.83,-34.42
-58.33,-34
-58.5,-34.33
-58.33,-34.67
-57.5,-35
-57.17,-35.33
-57.42,-35.83
-57.17,-36.25
-56.75,-36.33
-56.67,-36.83
-57,-37.33
-57.42,-37.75
-57.58,-38.17
-58.17,-38.42
-58.67,-38.58
-59.33,-38.75
-60,-38.83
-60.5,-38.92
-61.25,-39
-62,-39
-62.25,-38.75
-62.33,-39.17
-62,-39.5
-62.17,-39.83
-62.42,-40.33
-62.25,-40.58
-62.33,-40.92
-63,-41.17
-63.83,-41.17
-64.33,-41
-64.83,-40.75
-65.17,-41
-65,-41.5
-65,-42.08
-64.5,-42.33
-63.75,-42.08
-63.58,-42.58
-63.67,-42.83
-64.17,-42.83
-64.5,-42.5
-65,-42.83
-64.33,-43
-65,-43.33
-65.25,-43.67
-65.17,-44
-65.17,-44.5
-65.58,-44.67
-65.58,-45
-66.17,-45
-66.83,-45.25
-67.17,-45.5
-67.17,-45.5
-67.5,-46
-67.42,-46.5
-67,-46.83
-66.5,-47.17
-65.75,-47.17
-65.67,-47.5
-65.83,-48
-66.33,-48.33
-67,-48.67
-67.5,-49
-67.67,-49.5
-67.83,-50
-68.5,-50.17
-69,-50.5
-69.17,-51
-69,-51.42
-68.83,-51.83
-68.33,-52.33
-69,-52.25
-69.5,-52.25
-69.58,-52.5
-70,-52.5
-70.75,-52.75
-70.92,-53.25
-70.92,-53.75
-71.25,-53.83
-72,-53.67
-72.25,-53.42
-71.33,-53.17
-71.08,-52.83
-71.5,-52.75
-72,-53.17
-72.5,-53.42
-73.17,-53.17
-73.5,-52.92
-73.5,-52.67
-74,-52.58
-74.17,-52.17
-74.5,-52.42
-75,-52.25
-75,-51.75
-74.33,-51.83
-74.17,-51.5
-74.33,-51
-74.5,-51.33
-75.33,-51.58
-75,-51.17
-74.83,-50.67
-74.5,-50.75
-74.67,-50.42
-74.5,-50
-75.33,-50.75
-75.33,-50.17
-75,-49.92
-75.5,-49.83
-75.42,-49.42
-75.58,-49.17
-75.42,-48.58
-75.42,-48.17
-75.33,-47.83
-74.92,-47.75
-74.5,-48.33
-74.5,-47.83
-74.42,-47.42
-74,-46.83
-74.5,-46.83
-75,-46.67
-75.5,-46.92
-75.5,-46.58
-74.75,-46.17
-75,-45.92
-74.5,-45.83
-74.67,-45.58
-74.5,-45.25
-74.33,-45
-74.5,-44.58
-74.25,-44.17
-73.83,-43.83
-73.5,-44.17
-73.67,-44.42
-73.58,-44.67
-73.83,-45
-73.67,-45.17
-73.58,-45.5
-73.33,-45
-73.42,-44.67
-73,-44.42
-73.17,-44.17
-72.83,-43.75
-73,-43.42
-72.75,-43
-72.75,-42.33
-72.5,-42.17
-72.75,-42
-72.5,-41.67
-73,-41.5
-73.17,-41.83
-73.58,-41.75
-73.75,-41.42
-73.75,-41.42
-73.83,-41
-73.67,-40.58
-73.67,-40
-73.25,-39.5
-73.33,-39
-73.42,-38.58
-73.42,-38.17
-73.67,-37.75
-73.5,-37.17
-73.08,-37.17
-73.08,-36.67
-72.83,-36.5
-72.67,-36
-72.5,-35.5
-72.17,-35
-71.92,-34.5
-71.83,-34
-71.58,-33.67
-71.67,-33.17
-71.33,-32.5
-71.5,-32.17
-71.5,-31.83
-71.58,-31.33
-71.67,-30.75
-71.58,-30.25
-71.25,-30
-71.33,-29.33
-71.5,-29
-71.25,-28.5
-71.17,-28
-70.92,-27.5
-70.92,-27
-70.58,-26.33
-70.75,-25.75
-70.5,-25.42
-70.5,-25
-70.58,-24.5
-70.5,-24
-70.5,-23.5
-70.5,-23
-70.25,-22.5
-70.17,-22
-70.08,-21.5
-70.17,-21
-70.17,-20.5
-70.08,-20
-70.25,-19.33
-70.33,-18.75
-70.33,-18.25
-70.83,-17.83
-71.17,-17.67
-71.5,-17.25
-72,-17
-72.5,-16.67
-72.83,-16.58
-73.5,-16.25
-74,-15.83
-74.5,-15.75
-75.17,-15.33
-75.5,-15
-75.83,-14.67
-76.25,-14.17
-76.17,-13.67
-76.5,-13
-76.67,-12.5
-77,-12.17
-77.17,-11.83
-77.5,-11.33
-77.67,-10.83
-78.17,-10.17
-78.33,-9.67
-78.5,-9.17
-78.67,-8.67
-79,-8.17
-79.5,-7.83
-79.67,-7.25
-80,-6.83
-80.33,-6.5
-80.83,-6.25
-81.17,-6
-80.83,-5.67
-81.17,-5.17
-81.33,-4.67
-81.33,-4.25
-80.83,-3.83
-80.33,-3.5
-80,-3.33
-79.83,-2.83
-79.67,-2.5
-80.08,-2.5
-80.17,-3
-80.58,-2.5
-80.92,-2.33
-80.75,-2.17
-80.75,-1.67
-80.92,-1
-80.5,-0.83
-80.5,-0.33
-80.08,0
NaN,NaN
180,-89.9
160,-89.9
140,-89.9
120,-89.9
100,-89.9
80,-89.9
60,-89.9
40,-89.9
20,-89.9
0,-89.9
-20,-89.9
-40,-89.9
-60,-89.9
-80,-89.9
-100,-89.9
-120,-89.9
-140,-89.9
-160,-89.9
-180,-89.9
-180,-83.83
-178,-84.33
-174,-84.5
-170,-84.67
-166,-84.92
-163,-85.42
-158,-85.42
-152,-85.58
-146,-85.33
-147,-84.83
-151,-84.5
-153.5,-84
-153,-83.5
-154,-83
-154,-82.5
-154,-82
-154.5,-81.5
-153,-81.17
-150,-81
-146.5,-80.92
-145.5,-80.67
-148,-80.33
-150,-80
-152.5,-79.67
-155,-79.25
-157,-78.83
-158,-78.5
-156.67,-78.42
-154.5,-78.5
-154.5,-78.17
-156.67,-78.08
-158,-77.83
-158.33,-77.5
-158.67,-77.17
-157,-77
-154,-77.17
-153,-77.58
-150.5,-77.83
-148,-77.67
-146,-77.25
-146,-76.75
-146.33,-76.33
-146.67,-75.92
-144,-75.83
-142,-75.58
-140.67,-75.75
-140,-75.42
-138.33,-75.25
-136.67,-75
-135.5,-74.75
-133,-74.75
-132,-75
-130.83,-75.42
-129.67,-75.75
-128,-76
-127,-76
-126.83,-75.67
-126.33,-75.17
-125.5,-74.67
-124.5,-74.33
-123.33,-73.83
-123.67,-73.25
-122.33,-73.25
-121.33,-73.75
-120,-74
-120,-73.58
-118.33,-73.67
-116.67,-73.67
-116.33,-73.83
-117.67,-74.17
-117.67,-74.67
-116.33,-75.17
-113.67,-75.25
-112.33,-75
-112.5,-74.5
-112.67,-74
-112,-73.67
-111.5,-74
-111,-74.5
-110.33,-75
-108.67,-75.17
-108.5,-74.67
-109.5,-74.5
-109.5,-74
-108.33,-74
-108,-74.33
-108.5,-74.67
-107.5,-75.08
-106,-75.08
-104.5,-74.92
-104.5,-74.58
-102.67,-74.58
-101.33,-74.75
-100,-75
-99.5,-74.75
-101.33,-74.33
-100.67,-74
-101.5,-73.75
-101.5,-73.5
-100,-73.58
-100,-73.58
-99,-73.42
-100,-73.08
-101.33,-73.25
-102.5,-72.75
-101.33,-72.67
-101.5,-73
-99.67,-72.92
-98.5,-73.33
-98,-73.08
-97.5,-73.42
-97.5,-73.75
-96.33,-73.75
-96,-73.42
-96,-73.08
-97.5,-72.92
-98.5,-72.5
-99.67,-72.17
-101,-71.92
-99.83,-71.75
-98.33,-72
-97,-71.83
-95.67,-72.08
-95.67,-72.42
-94,-72.58
-92.25,-72.75
-90.5,-72.92
-88.75,-72.92
-87,-72.92
-85.5,-73.08
-84.33,-72.92
-83,-72.83
-81.25,-72.92
-79.5,-73
-78.5,-73.25
-78.67,-72.83
-78,-72.42
-76.5,-72.58
-75,-72.83
-74,-73
-74.5,-73.5
-73,-73.42
-71.5,-73.33
-70,-73.17
-68.5,-73.08
-67.5,-72.83
-67,-72.33
-67,-71.83
-67.5,-71.5
-67.5,-70.92
-68,-70.42
-68.5,-70
-68.5,-69.42
-67.33,-69.42
-66.67,-69.08
-67.33,-68.83
-66.83,-68.5
-66.83,-68.08
-67.5,-67.75
-67.5,-67.42
-68.5,-67.75
-69.25,-67.75
-69.33,-67.33
-68.67,-66.92
-67.83,-66.67
-67.67,-67.08
-67,-67
-66.33,-67.33
-66.33,-66.83
-65.5,-66.58
-65.83,-66.25
-65,-65.92
-64,-65.5
-64,-65.08
-63,-65.17
-62.67,-64.75
-61.67,-64.67
-61.5,-64.25
-61,-64
-59.67,-63.83
-58.83,-63.58
-58,-63.33
-57.17,-63.25
-56.67,-63.58
-57.33,-63.58
-58.17,-63.83
-57.25,-63.83
-57.33,-64.42
-58.17,-64.33
-58.67,-64
-59,-64.5
-59.67,-64.33
-60.5,-64.67
-61.33,-65
-62,-65.42
-62.17,-65.75
-62.33,-66.08
-62.67,-66.5
-63.5,-66.25
-64,-66.5
-64,-66.5
-63.67,-66.92
-64.67,-66.92
-65.33,-67.33
-65.5,-67.83
-64.83,-68.08
-65.33,-68.33
-64.83,-68.75
-63.67,-68.75
-62.67,-69.08
-62.33,-69.67
-62,-70.17
-61.5,-70.58
-61.67,-70.92
-61,-71.17
-60.83,-71.58
-61.67,-72
-60.83,-72.33
-61,-72.67
-59.83,-73
-60.17,-73.33
-61.5,-73.42
-61,-73.75
-60.67,-74.33
-61.67,-74.67
-61.67,-75.08
-63,-75.17
-63,-75.67
-63.67,-76.08
-65.5,-76.5
-67.33,-77
-65,-77.17
-62.5,-77.08
-60,-77.08
-57.67,-77.25
-56,-77.58
-53.67,-77.92
-51.67,-78.25
-49.33,-78.5
-47.67,-78.75
-44,-78.83
-41,-78.83
-38.5,-78.75
-36.33,-78.33
-35,-77.83
-33.33,-77.5
-31.67,-77.17
-30,-76.83
-28.33,-76.5
-27,-76.08
-26,-75.67
-24,-75.33
-23.67,-74.75
-22.33,-74.42
-20.67,-74.08
-19.33,-73.75
-17.67,-73.42
-16.33,-73.08
-14.67,-72.92
-13.5,-72.83
-12.33,-72.58
-11.33,-72.25
-11.17,-71.92
-12,-71.67
-12.17,-71.33
-11.5,-71.25
-11,-71.58
-10.5,-71.25
-9.75,-71
-9,-71.17
-8.67,-71.42
-8.5,-71.83
-7.33,-71.67
-7.67,-71.42
-7.33,-71.08
-7.67,-70.83
-6.83,-70.75
-5.83,-70.75
-5.83,-71
-6,-71.33
-4.5,-71.33
-3,-71.25
-3,-70.67
-3.33,-70.42
-2.5,-70.25
-1.67,-70.42
-1,-70.67
-1.5,-71
-0.67,-71.25
0,-71.5
1.33,-71.25
2.67,-70.92
3.5,-70.58
4.67,-70.33
6.33,-70.33
7.33,-70.08
8.67,-70.08
10,-70.17
11.33,-70.08
12.67,-70.08
12.67,-70.08
14.33,-70.17
15.67,-70.17
17,-70.17
18.33,-70.17
20,-70.33
21.5,-70.42
23,-70.58
24.67,-70.42
25.33,-70.17
27,-70.17
28.33,-69.92
30,-69.83
31.33,-69.58
32,-69.5
33.5,-69.5
33.33,-69
33.5,-68.67
34.33,-68.58
35,-68.92
36,-69.33
37,-69.5
38.33,-69.58
38.67,-70.08
39.33,-69.67
39.83,-69.5
39.83,-69.17
40,-68.83
41.33,-68.5
42,-68.17
43.33,-67.83
44.5,-67.75
46,-67.75
47,-67.58
48.17,-67.67
48.5,-67.42
49.33,-67.42
49.83,-67.83
50.5,-67.58
50.17,-67
50.5,-66.5
51.5,-66.25
52.17,-65.92
53.67,-65.83
55.17,-65.92
56,-66.25
57.17,-66.42
57.17,-66.67
56.33,-66.75
57,-66.92
58,-67
59,-67.17
59.33,-67.5
60.67,-67.33
61.67,-67.58
62.67,-67.67
63.67,-67.5
65,-67.58
66.33,-67.75
67.67,-67.83
68.67,-67.83
69.5,-67.67
69.5,-68.17
70,-68.58
70.5,-69
69.5,-69.17
69.83,-69.58
69.83,-70.08
70.67,-70.5
71.67,-70.42
71,-70.08
72.33,-69.75
73.5,-69.58
74.5,-69.67
75.5,-69.83
76.17,-69.5
77.17,-69.17
78,-69.08
78.33,-68.5
79,-68.25
80.5,-68
81.67,-67.83
82.5,-67.33
83.67,-67.17
85,-67
86.33,-66.83
87.67,-66.67
88.5,-66.75
89.67,-66.75
91,-66.67
92,-66.5
93,-66.58
94,-66.58
95,-66.5
96,-66.67
97,-66.5
97.67,-66.67
98.5,-66.5
99.33,-66.58
100,-66.42
100,-66.42
100.67,-66.42
101.5,-66.08
102.67,-65.83
104,-65.92
105,-66.08
106,-66.25
107,-66.5
108,-66.58
109,-66.83
109.5,-66.58
110.33,-66.67
110.67,-66.42
110.67,-66.08
111.67,-65.92
112.67,-65.83
113.67,-65.75
114.5,-66
115.5,-66.33
116.5,-66.5
117.67,-66.75
119,-66.83
120.33,-66.83
121.5,-66.67
122.5,-66.42
123.33,-66.75
124.33,-66.75
124.83,-66.5
125.83,-66.58
126.5,-66.25
127,-66.25
127.67,-66.5
128.33,-66.92
129,-67
129.5,-67.17
130,-66.92
130,-66.33
130.83,-66.08
132,-66.17
133.33,-66.08
134.33,-66.17
135.33,-66.08
136.33,-66.33
137.33,-66.33
138.33,-66.5
139.33,-66.58
140.5,-66.67
142,-66.75
142.5,-67
143.33,-66.83
144.33,-67
144.33,-67.5
145,-67.58
146,-67.5
146.83,-67.83
147,-68.25
148.33,-68.42
149,-68.25
150.33,-68.5
151,-68.33
151.5,-68.67
152.67,-68.58
154.33,-68.58
155,-69.08
156,-69.33
156.5,-69
157.5,-69.08
158.67,-69.25
160,-69.5
161,-69.67
161,-70.08
161.17,-70.5
161.67,-70.83
162.17,-70.58
162.33,-70.17
163.33,-70.08
163.17,-70.58
164.67,-70.58
166,-70.5
167.33,-70.83
168.67,-71.17
170,-71.5
170.17,-71.17
171,-71.75
170.17,-72
170.5,-72.5
169.67,-72.83
168.5,-73.17
167,-73.25
167,-73.67
166.67,-74.08
165.33,-74.17
165.33,-74.5
164.33,-74.83
163,-75.17
162.67,-75.67
162.67,-76.08
163,-76.5
163.33,-76.92
163.67,-77.33
163.67,-77.33
163.67,-77.75
164.67,-78
166,-78.42
164,-78.5
161.5,-78.75
160,-79.17
160,-79.67
160,-80
160.33,-80.5
160.33,-81
161,-81.5
162.33,-81.92
164,-82.42
166,-82.83
168.5,-83.25
171.5,-83.5
176,-83.5
180,-83.83
180,-89.9
NaN,NaN
115.17,-34.17
115.17,-33.58
115.58,-33.5
115.83,-33.25
115.75,-32.92
115.83,-32.33
115.83,-31.75
115.58,-31.42
115.42,-31
115.17,-30.5
115,-30
115,-29.5
114.92,-29.08
114.58,-28.58
114.17,-28.08
114.17,-27.67
113.92,-27
113.5,-26.67
113.33,-26.17
113.83,-26.58
113.5,-25.67
113.75,-26.08
114.17,-26.42
114.17,-25.83
113.92,-25.42
113.67,-25
113.5,-24.42
113.42,-23.92
113.83,-23.5
113.83,-23.08
113.67,-22.67
113.83,-22.25
114.08,-21.83
114.33,-22.33
114.58,-21.92
115.08,-21.67
115.5,-21.5
115.83,-21.08
116.25,-20.83
116.75,-20.67
117.25,-20.67
117.75,-20.67
118.25,-20.33
118.75,-20.33
119.17,-20
119.75,-20
120.33,-19.83
120.92,-19.75
121.33,-19.42
121.67,-19.08
121.92,-18.58
122.33,-18.17
122.25,-17.83
122.17,-17.42
122.58,-17
123,-16.5
123.25,-17.08
123.5,-17.5
123.92,-17
123.58,-16.67
123.75,-16.17
124.33,-16.42
124.58,-16
124.67,-15.5
125.17,-15.08
125.25,-14.67
125.92,-14.67
126.08,-14.33
126.58,-14.25
126.83,-13.92
127.42,-14
127.83,-14.42
128.17,-14.75
128.17,-15.25
128.67,-14.92
129.08,-14.92
129.67,-15.25
129.83,-14.83
129.33,-14.5
129.75,-14.08
129.92,-13.67
130.42,-13.58
130.25,-13.17
130.5,-12.75
131.08,-12.33
131.75,-12.33
132.42,-12.33
132.67,-11.83
132.33,-11.42
133,-11.58
133.5,-11.92
134.08,-12
134.67,-12.17
134.67,-12.17
135.25,-12.33
135.83,-12.17
136.08,-12.58
136.5,-12.08
137,-12.42
136.67,-12.83
136.58,-13.33
136,-13.33
136,-13.83
136,-14.25
135.75,-14.58
135.58,-15
136,-15.33
136.42,-15.5
136.58,-16
137.33,-16
137.75,-16.33
138.08,-16.58
138.67,-16.83
139.17,-17
139.42,-17.42
140,-17.83
140.5,-17.75
141,-17.5
141,-17
141.25,-16.58
141.5,-16.08
141.58,-15.58
141.67,-15.08
141.58,-14.58
141.58,-14.08
141.67,-13.58
141.75,-13
141.75,-12.67
141.75,-12.17
142.08,-11.83
142.08,-11.25
142.42,-10.83
142.83,-11.08
142.92,-11.67
143.08,-12.17
143.33,-12.67
143.58,-13.25
143.58,-13.75
143.75,-14.33
144.08,-14.5
144.58,-14.33
144.92,-14.67
145.33,-15
145.33,-15.5
145.5,-16
145.5,-16.58
145.83,-17
146.08,-17.33
146.17,-17.83
146.08,-18.33
146.33,-18.67
146.42,-19
147,-19.33
147.5,-19.42
147.83,-19.83
148.33,-20.17
148.83,-20.42
148.83,-20.83
149.17,-21.08
149.33,-21.42
149.5,-21.92
149.75,-22.42
150,-22.08
150.42,-22.42
150.83,-22.67
150.83,-23.17
151,-23.58
151.33,-23.92
151.83,-24.08
152.17,-24.58
152.58,-25.08
152.83,-25.5
153.08,-26.08
153.08,-26.5
153.17,-27.08
153.33,-27.58
153.5,-28.17
153.67,-28.67
153.5,-29
153.42,-29.5
153.33,-30
153.08,-30.58
153.08,-31
152.92,-31.5
152.75,-31.92
152.5,-32.33
152.25,-32.75
151.83,-33
151.5,-33.42
151.33,-33.83
151.08,-34.33
150.83,-34.92
150.58,-35.25
150.58,-35.25
150.25,-35.75
150.17,-36.25
150,-36.75
150,-37.17
149.92,-37.58
149.42,-37.83
148.75,-37.83
148.17,-37.92
147.83,-38.08
147.25,-38.42
146.83,-38.67
146.42,-39.17
146,-38.92
145.58,-38.67
145.5,-38.25
145,-38.42
144.83,-37.83
144.42,-38.25
144,-38.5
143.5,-38.83
143.08,-38.67
142.67,-38.42
142.25,-38.33
141.75,-38.25
141.42,-38.42
141.17,-38.08
140.67,-38
140.25,-37.67
139.92,-37.33
139.75,-37
139.92,-36.75
139.67,-36.33
139.33,-35.92
138.83,-35.58
138.17,-35.67
138.42,-35.42
138.58,-35
138.42,-34.67
138.08,-34.25
137.92,-34.75
137.75,-35.17
137.33,-35.17
136.92,-35.25
137,-35
137.42,-34.83
137.5,-34.5
137.58,-34
137.92,-33.58
137.83,-32.83
137.5,-33.17
137.25,-33.67
136.75,-33.92
136.33,-34.25
135.92,-34.58
135.67,-35
135.42,-34.58
135.25,-34.17
135,-33.75
134.83,-33.25
134.17,-33
134.33,-32.58
133.92,-32.33
133.42,-32.17
132.83,-32
132.25,-32
131.83,-31.75
131.33,-31.58
130.83,-31.58
130.33,-31.58
129.67,-31.58
129.08,-31.67
128.58,-31.83
128,-32.08
127.5,-32.17
126.92,-32.25
126.25,-32.17
125.83,-32.33
125.25,-32.67
124.75,-32.83
124.08,-33
124,-33.5
123.58,-33.83
123.08,-33.83
122.58,-33.83
121.92,-33.83
121.33,-33.83
120.75,-33.83
120.08,-33.92
119.75,-34
119.42,-34.42
119,-34.42
118.58,-34.75
118.33,-35
117.75,-35
117.17,-35
116.67,-35
116.08,-34.83
115.67,-34.33
115.17,-34.17
NaN,NaN
-73,78.17
-72.33,78.58
-70.33,78.75
-68.67,79.02
-65.67,79.2
-64.5,79.75
-65,80.08
-67.67,80.08
-66.75,80.53
-65,80.92
-63.75,81.18
-61.83,81.13
-61.25,81.42
-62,81.75
-59.33,82.08
-54.5,82.33
-51.25,82
-50.5,82.47
-47.33,82.42
-46.5,82.83
-44,83.2
-39.5,83.42
-36,83.65
-31.5,83.58
-27.33,83.55
-24.83,83.25
-24,82.98
-21.67,82.85
-20,82.57
-22.17,82.32
-25.58,82.22
-28.25,82.25
-29.83,82.07
-25.33,82.07
-25.33,81.68
-23.67,81.75
-23.67,82.03
-21.67,82.08
-21.33,81.8
-22,81.63
-23.67,81.37
-24.83,80.92
-22.5,81.08
-20.75,81.32
-19.5,81.58
-18.17,81.48
-16.42,81.8
-13.25,81.68
-11.67,81.32
-14.33,80.75
-15.83,80.42
-17.17,79.97
-18.08,79.53
-18.5,79.13
-19.5,78.83
-19.17,78.42
-19.67,77.92
-18.83,77.58
-18.17,77.08
-18.42,76.75
-20.33,76.92
-21.42,76.67
-21.5,76.3
-20,76.2
-19.42,75.7
-19.42,75.2
-20.08,74.67
-18.83,74.67
-19.25,74.25
-21.5,74
-20.33,73.83
-20.33,73.47
-21.58,73.42
-22.17,73.25
-23,73.05
-22,72.92
-21.75,72.42
-22,72.08
-23.33,72.3
-24.58,72.5
-23.67,72.17
-22.58,71.83
-21.75,71.42
-21.75,71
-21.83,70.5
-23.08,70.42
-24,70.58
-24,70.58
-24.25,71
-24.5,71.33
-25.5,71.17
-25.25,70.67
-26.33,70.42
-26.33,70.17
-25.08,70.42
-23.75,70.17
-22.5,70.08
-23.17,69.75
-24.25,69.42
-25.25,69.08
-26.25,68.83
-27.5,68.58
-28.75,68.42
-30,68.17
-31.33,68.17
-32.17,67.92
-33,67.5
-33.42,67.08
-33.92,66.67
-34.75,66.33
-35.67,66
-37,65.67
-38.5,65.67
-39.67,65.5
-40,65.08
-41,65.17
-40.42,64.5
-40.5,64
-40.75,63.5
-41.5,63
-42.42,62.67
-42,62
-42.5,61.5
-42.75,61
-42.83,60.5
-43.25,60
-43.92,59.83
-45.17,60.17
-45.75,60.58
-46.67,60.75
-48,60.83
-49,61.42
-49.5,61.92
-50.08,62.5
-50.33,62.83
-51.25,63.58
-51.33,64
-52,64.33
-52,64.92
-52.42,65.5
-53.5,66
-53.5,66.5
-53.75,67
-53.67,67.58
-53.33,68.17
-52.58,68.58
-51,68.58
-50.75,69.33
-51.25,69.92
-52.17,69.47
-53.67,69.3
-54.83,69.67
-54.58,70.25
-54.25,70.83
-52.83,70.8
-51.25,70.5
-51.58,71
-52.75,71.17
-53.33,71.75
-54,71.42
-55.25,71.42
-55.75,71.68
-55.33,72.17
-55.83,72.58
-55.5,73.17
-55.67,73.58
-56.5,74
-56.5,74.5
-57.5,74.97
-58.33,75.32
-58.33,75.67
-60,75.82
-61.67,76.17
-63.42,76.17
-65.33,76.13
-66.58,75.92
-68.5,76.13
-69.5,76.38
-68.75,76.6
-70.25,76.8
-71.17,77.02
-70,77.25
-68.42,77.35
-70,77.58
-70.33,77.92
-71.67,77.87
-73,78.17
NaN,NaN
130.83,-1.33
131.25,-0.83
131.83,-0.67
132.17,-0.33
132.83,-0.33
133.25,-0.67
133.92,-0.67
134.17,-1.33
134,-1.83
134.17,-2.33
134.58,-2.5
134.75,-3
135.17,-3.33
135.58,-3.33
135.83,-2.92
136.08,-2.58
136.5,-2.17
137,-2.08
137.25,-1.67
137.92,-1.42
138.42,-1.67
139,-2
139,-2
139.5,-2.17
140,-2.33
140.42,-2.33
141,-2.58
141.5,-2.75
142,-2.92
142.42,-3.08
143,-3.33
143.5,-3.42
144,-3.67
144.5,-3.92
145,-4.25
145.42,-4.5
145.75,-4.92
145.75,-5.5
146.25,-5.58
146.83,-5.92
147.42,-5.83
147.83,-6.17
147.83,-6.67
147.42,-6.75
147,-6.83
147.17,-7.25
147.67,-7.75
148.17,-8
148.25,-8.58
148.58,-9.08
149.25,-9
149.08,-9.42
149.58,-9.58
150,-9.58
149.75,-9.92
150.17,-10.08
150.75,-10.17
150.58,-10.58
150,-10.67
149.75,-10.33
149.25,-10.25
148.67,-10.17
148.08,-10.08
147.58,-10
147.42,-9.67
147,-9.33
146.5,-8.92
146.25,-8.5
146,-8
145.58,-7.92
145,-7.67
144.67,-7.5
144.17,-7.5
143.83,-7.92
143.58,-8.17
143.17,-8.33
143.33,-8.75
143.17,-9
142.58,-9.25
142,-9.08
141.5,-9.08
141,-9
140.58,-8.67
140.25,-8.33
140,-8
139.42,-8.08
138.83,-8.08
138.25,-8.33
137.67,-8.33
138,-7.75
138.25,-7.33
138.75,-7.25
138.58,-6.75
138.42,-6.17
138.17,-5.58
137.83,-5.25
137.33,-5
136.75,-4.83
136.17,-4.58
135.58,-4.42
135,-4.33
134.58,-4.08
134.08,-3.83
133.67,-3.5
133.25,-4
132.83,-4
132.75,-3.58
132.67,-3.25
132.25,-2.92
131.92,-2.83
132.17,-2.67
132.67,-2.75
133.08,-2.5
133.67,-2.5
133.83,-2
133.25,-2.17
132.75,-2.25
132.25,-2.25
131.83,-2
131.83,-1.58
131.42,-1.5
130.83,-1.33
NaN,NaN
-90,71.75
-90,72.33
-89.58,72.75
-89.08,73.17
-88,73.58
-87,73.83
-85.42,73.83
-84,73.8
-85.5,73.53
-86.08,73.25
-86.5,72.83
-86.42,72.42
-86.33,72
-85.33,71.67
-85.33,71.67
-85.67,72.08
-85.58,72.5
-85.5,73
-84.33,73.42
-82.92,73.75
-81.67,73.83
-81.17,73.58
-81.5,73.13
-80.83,72.67
-81.17,72.17
-80.17,72.47
-79,72.47
-77.83,72.8
-76.83,72.7
-75.75,72.5
-74.33,72.58
-74,72.25
-74,71.75
-72.42,71.67
-71.25,71.42
-69.75,70.83
-68.33,70.5
-67.5,70
-67.92,69.58
-66.75,69.17
-68.08,69
-68.08,68.5
-66.75,68.08
-65.17,68.08
-64.25,67.67
-63.17,67.33
-62.17,67
-61.42,66.67
-62.08,66.08
-62.33,65.67
-63.5,65.5
-63.83,65
-65,65.33
-65.5,65.92
-67.17,66.42
-67.42,65.75
-66.83,65.25
-65.75,64.83
-65.08,64.5
-65,64
-64.25,63.58
-64.5,62.92
-65.75,62.92
-66.83,63.25
-67.75,63.58
-68.92,63.83
-68.5,63.42
-67.75,63.08
-66.92,62.67
-66.17,62.33
-66.17,61.92
-67.17,62
-68.08,62.17
-69,62.42
-69.33,62.67
-70.33,62.83
-71.08,63
-71.92,63.33
-71.92,63.75
-72.75,64
-73.67,64.17
-74.67,64.42
-75.75,64.5
-76.5,64.25
-78,64.25
-78.58,64.67
-78.25,65.08
-77.67,65.17
-77.5,65.5
-76,65.33
-74.67,65.33
-73.67,65.67
-74.58,66.17
-73.75,66.5
-73,66.92
-72.33,67.25
-72.67,67.67
-73,68.17
-74.25,68.5
-75,69
-76.17,68.67
-75.83,69.33
-77.5,69.83
-78.08,70.25
-79,69.75
-79.83,69.58
-81.33,70
-82.33,69.92
-84.33,70.08
-85.75,70.08
-87.33,70.42
-88.25,70.83
-89,71.33
-90,71.75
NaN,NaN
-5.58,50.08
-5,50.42
-4.5,50.75
-4.08,51.17
-3.5,51.17
-3,51.17
-2.67,51.58
-3.33,51.33
-3.83,51.58
-4.33,51.67
-5,51.58
-5.17,51.83
-4.58,52.08
-4.08,52.25
-4.08,52.75
-4.67,52.75
-4.33,53.08
-4.5,53.33
-3.58,53.25
-3,53.33
-3,53.75
-2.67,54.17
-3.17,54.17
-3.58,54.5
-3.25,54.92
-4,54.75
-4.75,54.58
-5.08,54.92
-4.67,55.5
-5.08,55.83
-5.58,55.42
-5.58,55.75
-6.17,55.75
-5.5,56.08
-5.42,56.5
-6,56.33
-6,56.67
-5.58,57.17
-6.25,57.17
-6.67,57.42
-6.33,57.58
-5.83,57.42
-5.75,57.75
-5.33,58.08
-5,58.5
-4.08,58.5
-3.17,58.58
-3,58.33
-3.83,58
-4.17,57.58
-3.42,57.67
-2.75,57.67
-1.92,57.67
-1.83,57.33
-2.08,57
-2.42,56.58
-2.83,56.25
-3.33,56
-2.67,56
-2,55.83
-1.67,55.5
-1.5,55
-1.17,54.58
-0.5,54.42
-0.25,54
-0.08,53.67
0.17,53.42
0.33,53.08
0,52.83
0.25,52.67
0.58,52.92
1,52.92
1.58,52.75
1.83,52.42
1.58,52
1,51.75
0.58,51.33
1.42,51.25
0.92,50.83
0.08,50.67
-0.67,50.67
-1.42,50.75
-2.08,50.5
-2.83,50.67
-3.5,50.58
-3.67,50.17
-4.5,50.33
-5.08,50
-5.58,50.08
NaN,NaN
46.67,44.75
46.67,44.42
47.08,44.25
47.42,43.75
47.42,43.42
47.42,43
47.83,42.5
48.25,42.08
48.67,41.83
49,41.42
49.17,41
49.67,40.58
50.25,40.42
49.75,40.33
49.42,40
49.25,39.5
49.17,39.17
48.75,39.17
48.83,38.58
48.92,38.08
49,37.58
49.5,37.42
50.17,37.33
50.33,37.08
51,36.75
51.58,36.58
52.42,36.75
53.17,36.92
53.92,36.83
54,37.17
53.75,37.83
53.75,38.5
54,39.08
53.58,39.17
53.42,39.58
53.5,40
52.75,40
52.67,40.33
52.92,40.83
53.5,40.67
54.17,40.67
54.75,41
54.33,41.33
53.92,41.67
53.67,42.08
53,42
52.67,41.67
52.75,41.25
52.42,41.75
52.33,42.17
52.67,42.58
52.5,42.83
51.83,42.83
51.33,43.17
51.17,43.67
50.75,44.17
50.17,44.33
50.25,44.58
50.92,44.58
51.42,44.5
51.17,45
51.75,45.33
52.5,45.42
53.08,45.17
53.67,45.25
54.25,45.25
53.92,45.5
53.83,45.92
53.67,46.42
53.17,46.83
52.58,47.17
52.08,47.17
51.42,47.17
50.92,47.25
50.17,46.83
49.5,46.75
48.92,46.58
49,46.33
48.5,46.25
48.25,45.92
47.58,46.08
47.33,45.67
47,45.17
46.67,44.75
NaN,NaN
118.83,-2.83
119.17,-2.42
119.33,-1.92
119.33,-1.33
119.5,-0.92
119.83,-0.58
119.83,-0.08
119.92,0.42
120,0.75
120.67,0.75
120.92,1.33
121.42,1.17
122,1.08
122.5,1
122.92,0.83
123.33,0.92
123.92,0.92
124.42,1.17
124.75,1.5
125,1.75
125.25,1.5
125,1.08
124.58,0.58
124,0.42
123.5,0.33
123,0.5
122.5,0.5
122,0.5
121.42,0.5
121,0.42
120.67,0.5
120.33,0.42
120.08,-0.08
120.08,-0.67
120.58,-0.92
120.67,-1.33
121.17,-1.33
121.58,-0.92
122.08,-0.92
122.58,-0.75
123.17,-0.58
123.5,-0.92
122.92,-0.92
122.5,-1.33
122.08,-1.67
121.5,-1.92
121.92,-2.42
122.17,-2.75
122.42,-3.17
122.08,-3.5
122.5,-3.83
122.83,-4.33
123.17,-4.75
123.17,-5.33
122.67,-5.67
122.33,-5.33
122.33,-4.58
122,-4.83
121.58,-4.67
121.67,-4.08
121.17,-3.83
120.92,-3.42
121.08,-3
121.08,-2.67
120.67,-2.67
120.25,-3
120.42,-3.5
120.42,-4
120.42,-4.5
120.33,-5
120.42,-5.5
119.92,-5.58
119.5,-5.58
119.42,-5.17
119.58,-4.58
119.67,-4
119.5,-3.5
119,-3.5
118.83,-2.83
NaN,NaN
130.92,34.33
131.42,34.5
131.83,34.75
132.33,35.08
132.75,35.5
133.25,35.5
134,35.58
134.67,35.67
135.25,35.75
135.67,35.5
136,35.67
136,36.08
136.33,36.42
136.67,36.83
136.75,37.25
137.17,37.5
137,37.08
137,36.75
137.58,37
138.17,37.17
138.58,37.42
138.83,37.83
139.33,38.08
139.5,38.58
139.83,39
140,39.42
140,39.92
140,40.33
140,40.67
140.33,41.17
140.67,40.92
141.08,40.92
141.08,41.17
140.75,41.17
140.83,41.5
141.42,41.33
141.33,41
141.42,40.58
141.75,40.17
141.92,39.67
141.83,39.08
141.5,38.75
141.5,38.33
141.08,38.33
140.92,38.08
141,37.58
140.92,37
140.67,36.75
140.58,36.17
140.75,35.75
140.42,35.5
140.33,35.17
139.75,34.92
139.83,35.5
139.58,35.25
139.08,35.25
138.83,34.58
138.67,35.08
138.08,34.58
137.25,34.58
136.75,35
136.5,34.67
136.75,34.33
136.17,33.92
135.75,33.42
135.42,33.5
135.17,33.92
135.17,34.33
135.5,34.75
134.92,34.75
134.5,34.83
133.92,34.58
133.5,34.5
132.92,34.33
132.33,34.25
132,33.92
131.5,34
130.92,33.92
130.92,34.33
NaN,NaN
108.92,1
109.08,1.58
109.5,2
110,1.75
110.58,1.67
111.08,1.58
111.33,2.25
111.5,2.83
112,2.92
112.58,3
113.08,3.33
113.33,3.75
113.75,4.08
114.25,4.67
114.75,4.92
115.42,4.92
115.42,5.33
116,5.83
116.17,6.25
116.67,6.58
117,7
117.25,6.75
117.75,6.42
117.75,5.92
118.25,5.75
118.75,5.42
119.25,5.17
118.75,5
118.25,4.83
118.58,4.42
117.92,4.25
117.83,3.67
117.5,3.25
117.75,2.75
118.08,2.33
117.83,2
118.25,1.58
118.67,1.25
119,0.92
118.42,0.83
117.92,0.83
117.67,0.5
117.5,0
117.42,-0.58
117.17,-1
116.75,-1.33
116.33,-1.75
116.67,-2.25
116.33,-2.92
116.17,-3.42
115.67,-3.67
115.17,-3.92
114.75,-4.08
114.67,-3.67
114.33,-3.33
113.83,-3.42
113.25,-3.08
112.83,-3.33
112.33,-3.33
111.83,-3.5
111.75,-2.75
111.42,-2.92
110.92,-3
110.33,-2.92
110.25,-2.33
110.08,-1.75
110.08,-1.25
109.75,-0.75
109.25,-0.42
109.25,0.08
109,0.42
108.92,1
NaN,NaN
27.5,42.5
27.92,42.08
28.08,41.67
28.58,41.33
29.17,41.17
29.83,41.08
30.5,41.17
31.08,41.08
31.58,41.33
32.08,41.58
32.58,41.83
33.25,42
33.83,41.92
34.5,41.92
35,42
35.33,41.67
36,41.67
36.33,41.25
36.75,41.25
37.25,41
37.67,41.08
38.17,40.92
38.75,41
39.33,41.08
39.92,41
40.5,41.08
41.08,41.42
41.58,41.67
41.67,42
41.42,42.33
41.25,42.75
41,42.92
40.33,43.17
39.83,43.42
39.5,43.67
39,44.08
38.5,44.33
38,44.42
37.67,44.58
37.25,44.75
37,45.08
36.67,45.08
36.08,45
35.58,45.08
35.08,44.83
34.58,44.75
34.25,44.5
33.75,44.33
33.42,44.58
33.58,45
33.25,45.17
32.67,45.33
33.08,45.75
33.75,45.92
33.17,46.17
32.58,46
31.83,46.25
32.08,46.58
31.42,46.58
30.83,46.58
30.58,46.17
30.17,45.83
29.58,45.67
29.67,45.17
29.5,44.83
29,44.67
28.67,44.33
28.67,43.92
28.58,43.42
28,43.33
27.92,42.83
27.5,42.5
NaN,NaN
43.25,-21.92
43.58,-21.33
43.92,-20.92
44.08,-20.5
44.42,-20
44.5,-19.58
44.25,-19
44.25,-18.58
44,-18
43.92,-17.42
44.25,-16.92
44.5,-16.17
44.92,-16.17
45.42,-15.92
45.92,-15.75
46.42,-15.5
46.83,-15.25
47.25,-14.75
47.67,-14.75
47.58,-14.33
47.92,-14.08
47.83,-13.58
48.33,-13.5
48.75,-13.33
48.83,-12.92
48.83,-12.42
49.25,-12
49.58,-12.5
49.83,-13
49.92,-13.58
50.17,-14.17
50.33,-14.92
50.42,-15.42
50.08,-15.92
49.67,-15.5
49.75,-16.33
49.67,-16.75
49.42,-17
49.42,-17.42
49.33,-18
49.25,-18.5
49,-19.08
48.83,-19.58
48.67,-20.08
48.5,-20.5
48.42,-20.92
48.25,-21.33
48.08,-21.75
47.92,-22.17
47.83,-22.58
47.75,-23
47.67,-23.42
47.5,-23.75
47.33,-24.25
47.17,-24.67
46.83,-25.17
46.42,-25.08
45.92,-25.25
45.5,-25.5
45,-25.58
44.58,-25.33
44.17,-25
43.75,-24.5
43.67,-23.92
43.58,-23.25
43.33,-22.83
43.25,-22.33
43.25,-21.92
NaN,NaN
95.33,5.67
95.92,5.67
96.33,5.33
96.92,5.33
97.58,5.25
98,4.92
98.25,4.5
98.58,4.08
99,3.75
99.5,3.5
100,3.17
100.33,2.67
100.75,2.17
101.25,2.25
101.75,1.75
102.25,1.67
102.67,1.17
103.08,1.08
103,0.58
103.42,0.58
103.83,0.17
103.75,-0.25
103.5,-0.67
103.83,-1
104.42,-1
104.58,-1.67
104.92,-1.92
105.08,-2.33
105.58,-2.33
105.92,-2.67
106.17,-3
105.92,-3.5
105.92,-4.17
105.92,-4.67
105.83,-5.25
105.75,-5.75
105.33,-5.5
104.92,-5.5
104.75,-5.75
104.42,-5.58
104,-5.08
103.5,-4.75
102.83,-4.25
102.42,-3.83
102.25,-3.5
101.75,-3.17
101.33,-2.58
100.92,-2.08
100.83,-1.67
100.5,-1.08
100.42,-0.67
100,-0.25
99.83,0.08
99.25,0.33
99.08,1
98.83,1.5
98.83,1.83
98.33,2.17
97.83,2.42
97.67,2.92
97.25,3.33
96.92,3.75
96.58,3.83
96.08,4.33
95.67,4.75
95.42,5.17
95.33,5.67
NaN,NaN
-90.5,81.5
-89,81.92
-86.67,81.92
-86.67,82.13
-85,82.33
-82.58,82.58
-80.75,82.92
-76.83,83.05
-74.5,82.98
-72.5,83.08
-69.75,83.08
-67.17,82.92
-64.42,82.8
-62.92,82.55
-61.17,82.42
-61.17,82.2
-62.5,81.95
-64.25,81.67
-64.33,81.42
-66.75,80.95
-68.83,80.58
-70,80.2
-71.5,79.72
-74,79.5
-75,79
-75,78.5
-75.83,78
-78,77.92
-77.67,77.58
-79.25,77.25
-77.75,76.83
-79,76.42
-81,76.17
-81.58,76.5
-82.67,76.33
-84,76.42
-85.17,76.25
-87.75,76.33
-89.5,76.42
-89.5,76.83
-88.17,77.13
-87,77.25
-88,77.42
-88,77.83
-85.58,77.92
-87.58,78.17
-86,78.75
-84.58,78.87
-85.17,79.25
-85.17,79.7
-86.67,79.87
-85.83,80.42
-83.67,80.25
-82.5,80.47
-79.58,80.63
-77.67,80.92
-80.67,80.8
-83.5,80.8
-85.5,80.67
-88.25,80.67
-90,81
-90.5,81.5
NaN,NaN
-84.83,21.83
-84.33,22
-84.33,22.33
-84,22.58
-83.5,22.83
-83,22.92
-82.5,23
-82,23.17
-81.5,23.17
-81,23
-80.5,23
-80.08,22.83
-79.67,22.67
-79.33,22.33
-78.83,22.33
-78.33,22.17
-77.83,21.92
-77.42,21.67
-77,21.5
-76.5,21.17
-76,21.08
-75.58,21
-75.67,20.58
-75.33,20.67
-74.83,20.58
-74.5,20.25
-74.25,20.25
-74.17,20.08
-74.67,20
-75,19.83
-75.5,19.83
-76,19.92
-76.5,19.92
-77,19.83
-77.67,19.83
-77.42,20.08
-77.08,20.33
-77.25,20.67
-78,20.67
-78.5,21
-78.58,21.42
-78.75,21.58
-79.25,21.5
-79.75,21.67
-80.17,21.75
-80.5,22
-81.25,22
-81.75,22.08
-82.08,22.33
-81.58,22.5
-82.25,22.58
-82.75,22.67
-83.08,22.42
-83.42,22.17
-84,22.17
-84.17,21.83
-84.83,21.83
NaN,NaN
-88,44.58
-87.25,44.92
-87.5,44.5
-87.58,44.17
-87.75,43.58
-87.92,43.17
-87.83,42.75
-87.83,42.17
-87.5,41.67
-87.08,41.67
-86.67,41.83
-86.42,42.17
-86.25,42.75
-86.33,43.25
-86.5,43.67
-86.5,44.08
-86.25,44.5
-86.08,44.92
-85.33,45.17
-85,45.67
-84.5,45.67
-84.08,45.5
-83.58,45.33
-83.33,45
-83.33,44.42
-83.83,43.92
-83.83,43.58
-83.42,43.92
-82.92,44.08
-82.67,43.58
-82.42,43.08
-81.75,43.33
-81.75,43.92
-81.5,44.42
-81.33,44.83
-81.5,45.17
-80.92,44.75
-80.08,44.5
-79.75,44.83
-80.25,45.42
-80.75,45.92
-81.67,46.08
-82.33,46.17
-83,46.17
-83.67,46.25
-84.17,46.25
-84,45.92
-84.83,45.92
-85.25,46
-85.75,45.92
-86.75,45.75
-87,45.75
-87.33,45.42
-87.67,45
-88,44.58
NaN,NaN
173.75,-39.33
174.08,-39.08
174.58,-38.92
174.67,-38.42
174.92,-38
174.83,-37.58
174.67,-37.25
174.92,-37
174.42,-36.92
174.17,-36.5
173.83,-36.08
173.5,-35.67
173.17,-35.33
173.08,-34.92
172.83,-34.5
173.33,-35
174,-35.08
174.33,-35.42
174.58,-35.75
174.58,-36.08
174.83,-36.42
174.92,-37
175.25,-37
175.5,-37.25
175.42,-36.58
175.83,-36.75
175.92,-37.25
176.08,-37.67
176.67,-37.83
177.25,-38
177.75,-37.75
178.08,-37.5
178.5,-37.67
178.33,-38.17
178.33,-38.58
178,-38.75
177.92,-39.08
177.5,-39.08
177.08,-39.25
176.92,-39.5
177,-39.75
176.75,-40.25
176.42,-40.67
176.17,-41
175.83,-41.42
175.25,-41.58
174.83,-41.33
175.08,-40.92
175.25,-40.33
175.08,-40
174.67,-39.83
174.25,-39.67
173.75,-39.33
NaN,NaN
-59.33,47.92
-58.92,48.17
-58.42,48.5
-58.75,48.58
-58.42,49
-57.92,49.5
-57.67,50.08
-57.25,50.58
-57,51
-56.67,51.33
-56,51.58
-55.5,51.58
-55.75,51.08
-56.17,50.58
-56.5,50.25
-56.83,49.75
-56.08,50.08
-55.5,49.92
-55.92,49.67
-55.33,49.33
-54.67,49.42
-54,49.42
-53.5,49.25
-54,48.83
-53.75,48.5
-53,48.58
-53.75,48.08
-53.92,47.75
-53.67,47.58
-53.33,48
-53,48.08
-53.25,47.58
-52.75,47.67
-52.92,47.17
-53.08,46.67
-53.67,46.67
-53.67,47.08
-54.17,46.83
-53.92,47.33
-54.42,47.42
-54.83,47.33
-55.33,46.83
-55.92,46.92
-55.42,47.17
-55.42,47.5
-56.08,47.58
-56.83,47.58
-57.58,47.58
-58.42,47.67
-59.17,47.5
-59.33,47.92
NaN,NaN
-68.75,-52.58
-68.25,-53
-68.17,-53.33
-68,-53.67
-67.42,-54
-66.75,-54.25
-66.33,-54.5
-65.83,-54.67
-65.17,-54.67
-65.25,-54.92
-65.67,-55
-66.5,-55
-67.33,-55.25
-68.17,-55.25
-68,-55.67
-68.67,-55.42
-69.33,-55.5
-69.83,-55.33
-70,-55
-70.5,-55.17
-71.17,-55
-72,-54.67
-72,-54.42
-72.5,-54.42
-72.67,-54.08
-73.33,-54.08
-73.33,-53.83
-73.83,-53.58
-73.5,-53.33
-74,-53.25
-74.5,-53
-74.67,-52.75
-74,-53
-73.33,-53.25
-72.5,-53.58
-72.08,-53.83
-71.33,-54
-71,-54.17
-70.5,-53.67
-70.33,-54.17
-70,-54.25
-70.08,-53.75
-69.33,-53.5
-69.42,-53.33
-70.17,-53.5
-70.42,-53.33
-70.25,-52.83
-69.75,-52.83
-69.5,-52.58
-69.17,-52.67
-68.75,-52.58
NaN,NaN
-119,71.6
-118.83,72.03
-118,72.3
-118,72.58
-117,72.83
-115.75,73.02
-114.83,73.3
-113.67,73.3
-113.25,72.72
-111.92,73.08
-110.83,72.85
-109.58,73
-108,72.67
-107.42,73.17
-106.58,73.67
-105,73.7
-104.17,73.42
-104.67,73.05
-105.5,72.58
-105.17,72.17
-104.58,71.63
-104.75,71.05
-103.75,70.67
-102.33,70.4
-100.67,70.22
-100.83,69.75
-102,69.67
-101.5,69.3
-102.58,69
-103.83,68.87
-105.08,69.15
-106,69.5
-107.08,69.17
-108.42,69
-110,68.75
-111.67,68.65
-113.08,68.58
-113.75,69.25
-115.17,69.25
-116.42,69.5
-116.75,70.12
-115.5,70.17
-114,70.17
-112.67,70.42
-114,70.7
-115.42,70.67
-117.08,70.75
-118.08,71.03
-117.75,71.37
-119,71.6
NaN,NaN
141.75,53.33
142.25,53.58
142.5,53.83
142.25,54.25
142.67,54.33
142.92,54
143,53.5
143.17,53
143.17,52.5
143.08,52
143.33,51.5
143.5,51
143.67,50.5
143.92,50
144.17,49.5
144.33,49.08
143.75,49.33
143.25,49.33
142.92,49.08
142.83,48.75
142.58,48.33
142.5,47.83
142.67,47.5
143,47.25
143.08,46.92
143.42,46.75
143.42,46.25
143,46.58
142.58,46.67
142.25,46.42
142,45.92
141.75,46.58
142,47
142,47.58
142.17,48
142,48.5
141.83,48.75
142,49.08
142.08,49.5
142.08,50
142,50.5
142.08,51
142,51.42
141.67,51.75
141.67,52.25
141.83,52.75
141.75,53.33
NaN,NaN
119.83,16.25
120.33,16.08
120.33,16.58
120.5,17.17
120.33,17.58
120.5,18
120.67,18.5
121.08,18.58
121.5,18.33
121.92,18.25
122.33,18.5
122.17,17.92
122.17,17.42
122.5,17.08
122.33,16.58
122,16.17
121.58,15.75
121.42,15.25
121.67,14.58
121.83,14.08
122.25,13.92
122.58,14.17
122.92,14.17
123.33,14
123.92,13.75
123.58,13.67
123.75,13.33
124.17,12.92
123.83,12.83
123.42,13
123.08,13.58
122.58,13.83
122.67,13.5
122.67,13.08
122.17,13.67
121.75,13.92
121.25,13.58
120.67,13.75
120.67,14.17
121,14.5
120.67,14.75
120.58,14.42
120.08,14.75
120,15.25
119.92,15.67
119.83,16.25
NaN,NaN
166.5,-45.92
166.83,-45.42
167.08,-45.08
167.58,-44.75
167.92,-44.42
168.33,-44.08
168.83,-44
169.5,-43.67
170,-43.33
170.5,-43
171.08,-42.67
171.33,-42.25
171.5,-41.83
172,-41.67
172.17,-41.33
172.17,-40.92
172.58,-40.67
173.08,-40.92
173.17,-41.33
173.5,-41.17
173.83,-40.92
173.92,-41.25
174.33,-41.33
174.33,-41.83
174,-42.17
173.58,-42.58
173.25,-43
172.83,-43.17
172.75,-43.5
173.08,-43.75
172.42,-43.75
172,-44.08
171.42,-44.33
171.25,-44.67
171.08,-45.08
170.92,-45.5
170.58,-45.92
170.17,-46.25
169.67,-46.5
169,-46.67
168.33,-46.5
167.83,-46.42
167.58,-46.17
167.25,-46.25
166.75,-46.17
166.5,-45.92
NaN,NaN
122,7.17
122.08,7.75
122.33,8
122.83,8.17
123.08,8.5
123.5,8.67
123.83,8.5
123.92,8.08
124.25,8.42
124.67,8.5
124.83,9
125.17,8.83
125.5,9.08
125.42,9.75
126,9.33
126.33,8.83
126.33,8.25
126.58,7.67
126.58,7.25
126.33,6.83
126.17,6.33
126,6.92
125.75,7.33
125.5,7
125.33,6.75
125.58,6.42
125.75,6.08
125.42,5.58
125.08,5.92
124.75,5.92
124.33,6.17
124,6.42
124,7
124.25,7.33
124,7.58
123.58,7.75
123.25,7.42
122.92,7.33
122.83,7.75
122.5,7.67
122.25,7.25
122.08,6.83
122,7.17
NaN,NaN
105.5,-6.67
105.83,-6.33
106.08,-5.83
106.67,-6
107.08,-5.83
107.42,-5.92
107.92,-6.17
108.42,-6.25
108.67,-6.67
109.08,-6.75
109.58,-6.75
110.08,-6.83
110.5,-6.83
110.83,-6.33
111.33,-6.58
111.92,-6.75
112.42,-6.83
112.75,-7.08
112.83,-7.5
113.42,-7.67
113.92,-7.58
114.42,-7.67
114.42,-8.17
114.42,-8.58
114,-8.5
113.58,-8.33
113.08,-8.17
112.5,-8.33
112,-8.17
111.5,-8.17
111,-8.08
110.5,-8
110,-7.75
109.58,-7.67
109,-7.67
108.58,-7.75
108,-7.67
107.58,-7.42
107,-7.33
106.5,-7.25
106.58,-7
106,-6.75
105.5,-6.67
NaN,NaN
139.83,42.58
140.42,42.92
140.33,43.25
140.75,43.17
141.25,43.17
141.33,43.42
141.25,43.75
141.58,44
141.67,44.33
141.75,44.75
141.5,45.25
141.92,45.5
142.33,45.17
142.67,44.75
143,44.5
143.58,44.17
144.17,44
144.67,43.92
145.33,44.25
145,43.75
145.25,43.58
145.25,43.33
145.83,43.42
145.33,43.17
144.75,42.92
144.17,43
143.67,42.67
143.33,42.33
143.25,42
142.5,42.25
141.83,42.58
141.33,42.5
140.92,42.33
140.67,42.5
140.33,42.5
140.25,42.25
140.67,42.08
141.08,41.83
140.5,41.67
140,41.42
140,42
139.75,42.25
139.83,42.58
NaN,NaN
51.67,71.58
51.67,72.08
52.75,72.33
52.5,72.67
53.25,73.17
54.33,73.42
53.83,73.75
54.92,74.17
55.75,74.75
55.75,75.08
57.5,75.33
58.17,75.58
59.25,75.92
61.17,76.25
63.17,76.25
65.17,76.42
66,76.75
67.75,77
69.08,76.83
68.83,76.33
67.25,76.08
65.5,75.83
63.83,75.67
62.25,75.33
60.75,75
59.83,74.58
58.67,74.17
57.83,73.75
57,73.33
56.17,72.92
55.58,72.5
55.5,72
55.75,71.5
56.33,71.08
57.67,70.75
56.92,70.58
55.33,70.67
53.83,70.83
52.83,71.17
51.67,71.58
NaN,NaN
11,79.75
13.83,79.83
15.5,79.67
16.33,80.03
18,79.92
18,80.25
20,80.5
21,80.17
23,80.42
24.83,80.25
27,80.17
27,79.87
25.67,79.42
23.83,79.17
20.92,79.33
18.75,79.7
19,79.17
21.5,78.83
22.17,78.42
23.17,78.08
24.83,77.75
22.67,77.25
20.83,77.42
21.67,77.92
20.67,78.18
20.25,78.63
19,78.42
18.92,78.03
18.08,77.5
17.33,77
17,76.5
15.17,77.02
14,77.5
13.67,77.95
15.08,78.22
13.17,78.22
11.67,78.7
11,79.33
11,79.75
NaN,NaN
-74.5,18.33
-74.17,18.58
-73.67,18.5
-73.25,18.33
-72.75,18.33
-72.33,18.58
-72.75,19
-72.75,19.33
-73,19.67
-73.5,19.67
-73.17,19.92
-72.58,19.92
-72,19.67
-71.67,19.83
-71,19.83
-70.5,19.75
-69.92,19.67
-69.75,19.33
-69.17,19.33
-69.58,19.08
-68.75,18.92
-68.33,18.5
-68.67,18.08
-69,18.42
-69.5,18.42
-70.08,18.25
-70.58,18.17
-70.58,18.42
-71.08,18.25
-71.08,18
-71.42,17.58
-71.83,18.08
-72.33,18.17
-72.75,18.08
-73.17,18.17
-73.67,18.17
-73.83,18
-74.5,18.33
NaN,NaN
-24.33,65.5
-23.75,65.83
-23.67,66.17
-23,66.17
-23,66.42
-22.25,66.33
-21.5,66
-21.42,65.42
-20.33,65.58
-20.25,66.08
-19.67,65.83
-19.25,66.08
-18.25,66.17
-17.58,66
-16.83,66.17
-16.25,66.5
-15.67,66.25
-14.75,66.33
-14.67,65.75
-13.67,65.5
-13.67,64.92
-14.5,64.42
-15.83,64.17
-16.75,63.83
-17.67,63.75
-18.75,63.42
-20,63.58
-21,63.83
-22.75,63.83
-22,64.25
-22.58,64.75
-24,64.75
-22.83,65.08
-22.08,65.42
-22.75,65.58
-23.58,65.42
-24.33,65.5
NaN,NaN
-92.08,46.67
-91.58,46.67
-90.92,46.92
-90.5,46.5
-89.75,46.75
-89,47
-88.25,47.42
-87.75,47.42
-88.42,47.08
-88.42,46.75
-87.75,46.83
-87.33,46.42
-86.67,46.42
-85.83,46.67
-85,46.75
-85,46.5
-84.5,46.5
-84.75,46.92
-84.67,47.33
-85,47.58
-85,47.92
-85.75,47.92
-86.17,48.25
-86.5,48.75
-87.33,48.75
-88.08,49
-88.42,48.67
-89.08,48.42
-89.42,48.08
-89.83,47.83
-90.5,47.67
-91,47.33
-91.58,47
-92.08,46.67
NaN,NaN
116,-8.92
116.08,-8.42
116.5,-8.25
117,-8.42
117.58,-8.42
118,-8.5
117.75,-8.08
118.42,-8.25
119,-8.25
119.5,-8.58
120,-8.33
120.5,-8.17
121,-8.33
121.5,-8.5
122,-8.42
122.42,-8.67
122.92,-8.17
123.67,-8.33
123,-8.5
122.42,-8.67
122,-8.83
121.5,-8.75
121,-8.83
120.5,-8.75
120,-8.75
119.5,-8.58
119,-8.67
118.5,-8.75
118.08,-8.83
117.67,-9
117.17,-9.08
116.5,-8.92
116,-8.92
NaN,NaN
-117.75,75.25
-117.17,75.67
-116.42,76.13
-115.75,76.47
-114.33,76.42
-112.75,76.17
-112,75.92
-111.42,75.57
-109.42,75.5
-110.08,75.83
-109.83,76.1
-110.75,76.25
-110,76.58
-109.17,76.8
-108.58,76.33
-107,76.02
-105.67,75.87
-106,75.47
-106.17,75.03
-107.42,74.95
-109.5,75
-110.67,74.8
-111.67,74.53
-112.75,74.42
-114,74.5
-114.5,74.72
-113.25,74.92
-114.25,75.25
-115.25,74.97
-116.33,75.13
-117.75,75.25
NaN,NaN
-10.33,52.17
-9.75,52.17
-9.5,52.67
-9,53.17
-9.5,53.17
-10,53.5
-9.5,53.75
-10,53.92
-9.75,54.25
-9.08,54.25
-8.5,54.25
-8.17,54.5
-8.67,54.67
-8.25,55.08
-7.5,55.25
-6.75,55.17
-6.08,55.08
-5.75,54.75
-5.58,54.25
-6.25,53.92
-6.08,53.5
-6,53
-6.17,52.58
-6.33,52.17
-7.25,52.08
-8,51.75
-8.75,51.58
-9.58,51.5
-10.08,51.75
-10.33,52.17
NaN,NaN
-180,69.08
-179.08,68.75
-178.17,68.42
-176.92,68.17
-175.83,67.83
-175,67.5
-174.5,67.08
-173.17,67.08
-171.67,66.92
-170.83,66.5
-169.83,66.08
-170.58,65.83
-171.08,65.5
-172.17,65.5
-172.17,65
-172.75,64.67
-173,64.25
-174,64.42
-175.08,64.75
-175.83,65
-176,65.42
-177,65.58
-177.67,65.42
-178.5,65.5
-178.83,65.92
-179,66.33
-179.92,66
-179.25,65.67
-179.67,65.17
-180,65.05
-180,69.08
NaN,NaN
-96.17,77.03
-94.33,76.92
-93,76.65
-91.25,76.65
-90.75,76.37
-89.67,76.17
-90.17,75.98
-88.75,75.7
-86.75,75.58
-84.83,75.82
-83.08,75.72
-81.58,75.72
-79.83,75.47
-79.83,75.08
-80.42,74.67
-82.17,74.5
-83.67,74.75
-84.75,74.42
-86.5,74.42
-88.17,74.47
-90,74.53
-92,74.75
-92.17,75.25
-91.83,75.67
-92.17,76.08
-93.25,76.33
-95.08,76.25
-96.25,76.67
-96.17,77.03
NaN,NaN
121.92,10.5
122,10.92
122.08,11.42
121.92,11.83
122.5,11.75
122.58,11.5
123.17,11.5
123.08,10.92
123.5,10.83
123.42,10.42
123.83,10.67
124,11.08
124,10.58
124,10.17
124.5,10.08
124.5,9.67
124,9.58
123.75,9.92
123.5,9.58
123.17,9.75
123.33,9.25
123,9
122.67,9.33
122.42,9.75
122.83,10
122.83,10.42
122.5,10.58
121.92,10.5
NaN,NaN
-117,61.17
-116,60.83
-115.25,60.83
-114.42,61
-113.92,60.92
-113.75,61.25
-112.92,61.42
-112.17,61.58
-111.75,62.08
-110.92,62.33
-109.83,62.42
-110.17,62.67
-109,62.67
-110,62.83
-110.75,62.83
-111.58,62.67
-111.92,62.42
-112.42,62.08
-113.08,62
-113.83,62.17
-114.17,62.42
-115.33,62.42
-115.08,62.17
-114.5,61.83
-115.25,61.75
-115.33,61.42
-115.83,61.17
-117,61.17
NaN,NaN
103.58,51.58
104.5,51.33
105.25,51.5
105.92,51.67
106.25,52.17
107,52.5
107.83,52.67
108.33,53
109,53.5
109.42,54
109.5,54.5
109.67,55.08
109.92,55.58
109.5,55.75
109.25,55.5
109.17,55.17
108.83,54.75
108.5,54.33
108.17,53.92
107.58,53.5
107,53.08
106.58,52.75
106.08,52.5
105.67,52.17
105.25,51.83
104.5,51.75
103.58,51.58
NaN,NaN
58.17,45
58.17,44.5
58.33,44.25
58.33,43.67
59,43.67
59.67,43.67
59.83,43.5
60.5,43.67
61.08,44.17
61.08,44.67
61.5,44.75
61.83,45
61.5,45.33
61,45.75
61,46
61.33,46.42
61.67,46.75
61,46.5
60.75,46.67
60.08,46.5
60.08,46.17
59.75,46.33
59.5,45.92
59,45.92
58.67,45.83
58.58,45.42
58.17,45
NaN,NaN
-76.17,-71.08
-74.67,-71.08
-73,-71
-71.83,-70.92
-71,-70.83
-70.67,-70.58
-71,-70.08
-71.5,-69.58
-71.67,-69.08
-71.17,-68.92
-70.33,-68.83
-69.67,-69.42
-69.33,-70
-68.83,-70.5
-68.5,-71
-68.33,-71.5
-68.5,-71.92
-68.83,-72.33
-70,-72.58
-71.5,-72.67
-73,-72.58
-73.33,-72.25
-74.33,-72.17
-75,-71.83
-76,-71.67
-76.5,-71.33
-76.17,-71.08
NaN,NaN
-125.08,66.08
-123.58,66.13
-122,66.25
-121,66
-122,65.75
-122.75,65.58
-123.25,65
-121.75,65
-121.58,65.33
-120.67,65.67
-120.5,65.33
-121,64.83
-119.33,65.37
-120,65.82
-118.42,65.67
-118.08,66.08
-117.67,66.42
-119.08,66.33
-120.5,66.42
-119.75,66.67
-118.92,66.92
-120,67.08
-121.33,66.75
-122.67,66.58
-123.83,66.37
-125.08,66.08
NaN,NaN
73.42,45.58
73.83,45.25
74.08,44.92
74.25,45.67
74.17,46
74.75,46.17
75.17,46.42
76,46.58
76.83,46.42
77.33,46.58
78,46.33
78.75,46.42
79.25,46.75
78.75,46.75
78.33,46.58
77.83,46.67
77.33,46.58
76.83,46.67
76.08,46.75
75.25,46.67
74.75,46.75
74.17,46.42
73.67,46.17
73.42,45.58
NaN,NaN
-106.33,79.2
-105.67,79.38
-104.25,79.38
-103,79.2
-101.42,79.2
-100,78.88
-100,78.48
-99.58,78.13
-98.58,78.08
-98.17,78.48
-98,78.9
-95.83,78.55
-95.42,78.3
-95.83,78
-97.17,77.97
-98.83,77.92
-100,77.75
-100.83,78.17
-102.17,78.17
-104.17,78.3
-105,78.53
-104.17,78.83
-105.92,79
-106.33,79.2
NaN,NaN
144.83,-40.67
145.5,-40.83
146.17,-41.17
146.75,-41.17
147.33,-41
148,-40.83
148.33,-41
148.33,-41.5
148.33,-42
148.17,-42.17
148,-42.58
147.92,-43.08
147.5,-42.83
147.17,-43.17
146.83,-43.58
146.25,-43.5
145.75,-43.25
145.5,-42.92
145.33,-42.5
145.25,-42.17
145,-41.75
144.83,-41.17
144.83,-40.67
NaN,NaN
29.25,-6
29.5,-6.5
29.83,-7
30.33,-7.42
30.58,-8.08
30.5,-8.58
31.08,-8.75
31,-8.25
30.75,-7.75
30.5,-7.17
30.58,-6.83
30.17,-6.5
29.75,-6.17
30,-5.75
29.83,-5.17
29.67,-4.58
29.42,-4
29.33,-3.33
29.08,-4
29.25,-4.5
29.08,-5
29.33,-5.58
29.25,-6
NaN,NaN
-101.17,53.08
-100.83,52.58
-100.42,52.83
-100,52.58
-100.25,52.33
-100.25,51.83
-99.67,51.58
-99,51.17
-99,50.83
-98.67,50.5
-98.75,50.17
-98,50.25
-98.25,50.67
-98.58,50.92
-98.83,51.25
-98.67,51.67
-99.17,51.75
-99.67,51.58
-99.83,52.17
-99.58,52.42
-99.58,52.75
-100.25,53.08
-101.17,53.08
NaN,NaN
148.25,-5.5
148.83,-5.58
149.42,-5.58
150,-5.5
150.42,-5.5
150.83,-5.5
151.25,-4.92
151.67,-4.92
151.5,-4.17
152.25,-4.17
152.42,-4.67
152.08,-5
152,-5.58
151.58,-5.58
151.17,-6
150.67,-6.25
150.17,-6.25
149.67,-6.25
149.17,-6.17
148.83,-5.83
148.33,-5.75
148.25,-5.5
NaN,NaN
34.42,45.92
34.75,45.75
35,45.42
35.5,45.25
36.08,45.42
36.67,45.42
37.33,45.33
37.75,45.83
38.25,46.25
37.92,46.42
37.67,46.67
38.17,46.67
38.75,47
39.33,47.08
39,47.25
38.42,47.17
37.58,47.08
36.83,46.75
36.08,46.67
35.42,46.42
35,46.08
34.42,45.92
NaN,NaN
34.08,-12.17
34.17,-12.58
34.33,-13
34.33,-13.42
34.67,-13.75
34.75,-14.17
35.08,-14.08
35.33,-14.5
35.25,-13.83
34.92,-13.42
34.83,-12.83
34.83,-12.25
35,-11.67
34.67,-11.08
34.58,-10.58
34.5,-9.92
34.08,-9.58
34,-9.83
34.25,-10.83
34.25,-11
34.42,-11.75
34.08,-12.17
NaN,NaN
129.5,33.25
130,33.5
130.42,33.83
130.92,33.92
131.08,33.67
131.58,33.67
131.67,33.25
131.92,32.83
131.67,32.42
131.42,31.92
131.33,31.42
130.75,31.08
130.17,31.25
130.17,31.67
130.17,32.08
130.5,32.33
130.5,32.75
130.25,33.08
130.17,32.75
129.75,32.75
129.5,33.25
NaN,NaN
-95,80
-95,80.45
-93.75,80.8
-93.58,81.25
-92,81.25
-91.33,80.8
-90.25,80.5
-88,80.42
-87.17,80.17
-87.67,79.75
-85.92,79.63
-85.92,79.25
-87.25,79
-88.08,78.53
-89.25,78.17
-92,78.17
-93.33,78.53
-93.67,78.98
-93.17,79.33
-93.83,79.72
-95,80
NaN,NaN
-87.17,63.67
-86.17,64.08
-86.42,64.67
-86.25,65.25
-86,65.67
-85,66.08
-84.67,65.58
-83.67,65.17
-82.5,64.83
-81.75,64.5
-81.25,64.08
-80.25,63.83
-81.17,63.42
-82,63.75
-82.83,64
-83.58,64
-84.17,63.67
-84.83,63.25
-85.75,63.17
-85.83,63.67
-87.17,63.67
NaN,NaN
-99.25,53.33
-98.92,53
-98.67,52.5
-98.17,52.25
-98.17,51.92
-97.42,51.92
-97.33,51.42
-96.83,51.58
-96.92,51.17
-97,50.75
-97,50.33
-96.42,50.5
-96.17,51.17
-96.58,51.58
-97,52.17
-97.25,52.67
-97.58,53.17
-97.83,53.67
-98.42,53.75
-99,53.75
-99.25,53.33
NaN,NaN
31.67,-2.08
31.83,-2.75
32.25,-2.33
32.75,-2.5
33.42,-2.5
33.83,-2.17
33.25,-2.08
33.58,-1.75
33.92,-1.33
34.08,-0.75
34.25,-0.42
34,0.08
33.5,0.25
33,0.25
32.42,0.17
31.83,-0.17
31.67,-0.75
31.83,-1.17
31.75,-1.58
31.67,-2.08
NaN,NaN
-128.33,50.67
-127.92,50.83
-127.17,50.58
-126.25,50.42
-125.5,50.25
-125,49.75
-124.42,49.33
-123.67,48.92
-123.17,48.5
-123.67,48.33
-124.25,48.5
-125,48.75
-125,49
-125.5,49
-125.92,49.25
-126.5,49.42
-126.42,49.67
-127.08,49.92
-127.75,50.17
-128.33,50.67
NaN,NaN
-125.25,72.08
-124.67,72.5
-124,72.98
-123.75,73.5
-124.42,74.08
-122.67,74.25
-121.17,74.5
-119.42,74.25
-117.58,74.25
-116.58,73.83
-115.08,73.5
-116.5,73.2
-117.83,72.92
-119.25,72.58
-119.67,71.92
-120.58,71.42
-121.75,71.33
-123.08,71.08
-123.83,71.67
-125.25,72.08
NaN,NaN
-102.92,72.92
-102,73.07
-100.5,73.03
-101.42,73.5
-101.25,73.83
-100.17,74
-98.83,73.92
-97.75,74.13
-97.08,73.63
-98.08,73.17
-96.67,72.98
-96.25,72.42
-96.42,71.83
-97.83,71.67
-99,71.33
-99.92,71.83
-100.92,72.25
-102,72.25
-102.33,72.63
-102.92,72.92
NaN,NaN
127.33,1.08
127.5,1.5
127.58,1.92
128,2.17
127.83,1.75
128.08,1.33
128.67,1.58
128.67,1.08
128.25,0.83
128.5,0.5
128,0.5
127.92,0
128,-0.42
128.42,-0.92
127.92,-0.58
127.58,-0.17
127.67,0.25
127.58,0.67
127.33,1.08
NaN,NaN
79.75,8.08
79.83,8.5
79.92,9
80.17,9.42
80,9.83
80.58,9.5
80.92,9
81.25,8.5
81.5,8
81.83,7.58
81.83,7
81.67,6.5
81.25,6.17
80.67,6
80.25,6
80,6.42
79.83,7.08
79.75,7.5
79.75,8.08
NaN,NaN
123.5,-10.33
123.67,-9.67
123.92,-9.33
124.33,-9.17
124.83,-9
125.08,-8.67
125.67,-8.5
126.25,-8.42
126.75,-8.33
127.25,-8.33
126.92,-8.67
126.42,-8.92
125.92,-9.08
125.42,-9.25
124.92,-9.58
124.5,-10.08
124,-10.25
123.5,-10.33
NaN,NaN
91.17,80.08
92.67,80.5
93.17,80.92
95.58,81.25
96.42,81
97.5,80.75
97,80.5
97.58,80.17
99.25,80
100.17,79.67
99.5,79.25
99.83,78.83
98.33,78.75
96.75,78.92
94.67,79.08
93.83,79.5
91.83,79.67
91.17,80.08
NaN,NaN
-83.5,41.75
-82.83,41.5
-82.25,41.5
-81.67,41.58
-81.08,41.83
-80.5,42
-79.83,42.25
-79.25,42.5
-78.83,42.83
-79.5,42.83
-80.17,42.83
-80.5,42.58
-80.92,42.67
-81.5,42.58
-81.83,42.25
-82.5,42
-83.08,42
-83.5,41.75
NaN,NaN
124.33,12.5
124.75,12.42
125.25,12.5
125.5,12.08
125.5,11.67
125.67,11.08
125,11.08
125,10.67
125.25,10.25
124.75,10.17
124.75,10.75
124.42,10.83
124.42,11.42
124.83,11.33
125,11.75
124.5,12
124.33,12.5
NaN,NaN
12.33,37.92
12.75,38.17
13.25,38.17
13.67,38
14.25,38
15,38.08
15.67,38.25
15.33,37.83
15.17,37.33
15.33,37
15.17,36.67
14.5,36.75
14.17,37.08
13.67,37.17
13,37.5
12.67,37.5
12.33,37.92
NaN,NaN
34.5,61.75
34.83,61.5
35.5,61.33
35.5,60.92
36,60.92
36.42,61.08
36.42,61.42
36,61.67
35.75,62
35.83,62.42
35.25,62.67
34.5,62.83
34.83,62.58
35.33,62.5
35.33,62.17
34.67,62.17
34.5,61.75
NaN,NaN
-124.17,76.25
-122.75,76.5
-121.67,76.88
-120.5,77.15
-119.33,77.33
-117.67,77.3
-116.75,77.58
-115.5,77.33
-116.58,77.08
-116.17,76.72
-117.5,76.3
-118.92,76.5
-119.5,76.17
-120.58,75.83
-121.92,75.92
-123.08,75.87
-124.17,76.25
NaN,NaN
-105,76.58
-104,76.63
-103,76.37
-102,76
-101.92,76.42
-101.25,76.7
-99.5,76.67
-98,76.38
-98,76
-97.83,75.58
-98.33,75.07
-100.58,75.07
-101.5,75.63
-103,75.42
-104,75.83
-104.25,76.17
-105,76.58
NaN,NaN
21.08,37.75
21.33,38.08
21.83,38.25
22.33,38.08
22.83,37.83
23.17,37.33
22.67,37.42
22.83,37
23.08,36.42
22.67,36.75
22.33,36.42
22.08,36.75
21.67,36.75
21.5,37
21.58,37.42
21.08,37.75
NaN,NaN
8.17,40.92
8.42,40.83
8.75,40.92
9.25,41.25
9.67,40.83
9.75,40.42
9.75,40
9.67,39.58
9.5,39.17
9.08,39.17
8.75,38.83
8.33,39.17
8.42,39.67
8.42,40.17
8.17,40.58
8.17,40.92
NaN,NaN
137.17,75.25
137.5,75.92
139,76.17
141,75.75
142,76.17
143.25,75.83
144,75.83
145,75.67
145,75.42
144,75.08
142.83,74.83
142,75
140.5,74.83
139.25,74.67
138.08,74.75
137.17,75.25
NaN,NaN
132.25,33.42
132.67,33.67
132.83,34
133.33,33.92
133.58,34.25
134.08,34.33
134.58,34.17
134.67,33.83
134.33,33.58
134.08,33.25
133.75,33.5
133.25,33.33
133.08,33.08
132.92,32.75
132.42,32.92
132.25,33.42
NaN,NaN
120.17,23.67
120.5,24.17
120.75,24.58
121.08,25
121.58,25.25
121.92,25.08
121.92,24.58
121.67,24.08
121.5,23.5
121.33,23
121,22.58
120.83,22
120.67,22.42
120.33,22.58
120.17,23.17
120.17,23.67
NaN,NaN
-61.17,-51.83
-60.5,-52
-60.17,-51.75
-60.5,-51.42
-59.67,-51.33
-59,-51.5
-58.33,-51.33
-57.75,-51.5
-57.75,-51.83
-58.5,-52
-58.83,-52.25
-59.5,-52.33
-59.67,-52.08
-60,-52
-60.5,-52.25
-61.17,-51.83
NaN,NaN
-79.75,43.25
-79.25,43.17
-78.58,43.33
-78,43.33
-77.42,43.25
-76.83,43.33
-76.17,43.5
-76.25,44
-76.08,44.33
-76.67,44.17
-77,43.92
-77.67,44
-78.17,43.92
-78.83,43.83
-79.42,43.67
-79.75,43.25
NaN,NaN
-155.88,20.27
-155.63,20.15
-155.37,20.05
-155.13,19.92
-155.02,19.68
-154.8,19.52
-155,19.33
-155.3,19.27
-155.52,19.13
-155.65,18.93
-155.92,19.08
-155.88,19.35
-156.05,19.77
-155.87,19.95
-155.88,20.27
NaN,NaN
164.25,-20.25
164.75,-20.5
165.33,-20.75
165.67,-21.17
166,-21.5
166.5,-21.67
166.83,-22
167.17,-22.33
166.67,-22.33
166.17,-22
165.75,-21.75
165.42,-21.5
165,-21.25
164.58,-20.83
164.25,-20.25
NaN,NaN
23.5,35.17
23.58,35.58
24.17,35.5
24.25,35.33
24.75,35.42
25.17,35.3
25.75,35.33
25.75,35.08
26.25,35.25
26.17,34.97
25.5,34.93
24.83,34.9
24.5,35.08
24,35.17
23.5,35.17
NaN,NaN
56,80.12
57.33,80.45
59.25,80.42
59.67,80.78
62.33,80.92
62.83,81.17
64.58,81.42
65.25,81
63.83,80.83
62.33,80.92
62.33,80.47
61.5,80.33
59.25,80.42
57.75,80.12
56,80.12
NaN,NaN
108.67,19.33
109.08,19.58
109.58,19.92
110,20
110.5,20
111,20
111,19.67
110.67,19.33
110.5,18.83
110.17,18.5
109.67,18.25
109.25,18.25
108.75,18.5
108.67,18.92
108.67,19.33
NaN,NaN
30,61.08
30.58,60.75
30.92,60.33
31.08,59.92
31.5,59.92
31.75,60.17
32.5,60.17
32.83,60.5
32.83,60.83
32.5,61.17
31.83,61.33
31.42,61.58
30.75,61.58
30.17,61.33
30,61.08
NaN,NaN
13.08,14.08
13.33,13.75
13.5,13.33
13.83,13.08
13.92,12.75
14.17,12.5
14.58,12.75
15.08,12.92
15.25,13.42
14.75,13.42
14.17,13.5
14.17,13.83
13.92,14.17
13.42,14.25
13.08,14.08
NaN,NaN
117.25,8.42
117.5,8.92
117.92,9.25
118.42,9.67
118.75,10
119.17,10.5
119.5,11.25
119.67,10.5
119.17,10.08
118.83,9.92
118.58,9.42
118.17,9.08
117.92,8.75
117.25,8.42
NaN,NaN
127.92,-3.17
128.25,-2.83
128.92,-2.83
129.5,-2.75
129.92,-3
130.42,-3
130.75,-3.42
130.75,-3.83
130.25,-3.58
129.42,-3.42
128.92,-3.33
128.5,-3.42
127.92,-3.17
NaN,NaN
32.25,35
32.75,35.08
33,35.25
33.42,35.33
33.92,35.42
34.5,35.58
33.92,35.17
34.08,34.92
33.67,34.92
33.5,34.7
33,34.58
32.42,34.67
32.25,35
NaN,NaN
44.5,80.55
47,80.9
48,80.75
48,80.55
50.33,80.78
51.17,80.67
50,80.4
50,80.12
48.42,80.05
47,80.17
47,80.42
45.67,80.42
44.5,80.55
NaN,NaN
68.83,-48.83
69,-48.67
69.33,-49
69.67,-49.25
70,-49.17
70.58,-49.08
70.42,-49.42
70,-49.42
69.83,-49.67
69.5,-49.5
68.92,-49.67
69.17,-49.25
68.83,-48.83
NaN,NaN
-133.08,54.17
-132.33,54.08
-131.67,54.08
-132,53.58
-131.67,53.08
-131.83,52.75
-131.33,52.5
-131,52
-131.83,52.42
-132.25,52.83
-132.5,53.33
-133,53.58
-133.08,54.17
NaN,NaN
-78.33,18.17
-78.25,18.33
-77.83,18.5
-77.33,18.42
-76.83,18.33
-76.42,18.17
-76.25,17.83
-76.58,17.83
-76.92,17.92
-77.25,17.75
-77.67,17.83
-78,18.17
-78.33,18.17
NaN,NaN
-111.25,58.67
-110.33,58.58
-110,58.92
-109.25,59.08
-108.25,59.08
-107.42,59.25
-108,59.42
-108.58,59.42
-109.17,59.67
-109.67,59.67
-110.17,59.25
-110.67,59
-111.25,58.67
NaN,NaN
150.83,-2.58
151.42,-2.9
152,-3.25
152.33,-3.5
153,-3.92
153.17,-4.33
152.92,-4.83
152.67,-4.17
152.33,-3.5
152,-3.42
151.42,-3
150.83,-2.58
NaN,NaN
-154.83,57.25
-153.92,57.75
-153.25,58.08
-152.5,58.42
-152.08,58.17
-153,57.92
-152.5,57.83
-152.25,57.5
-153.08,57.33
-153.42,57
-154.08,56.75
-154.83,57.25
NaN,NaN
105.25,-1.92
105.5,-1.58
106,-1.5
106.25,-2
106.42,-2.42
106.75,-2.5
106.67,-3
105.92,-2.67
106,-2.25
105.75,-2
105.25,-1.92
NaN,NaN
99.33,77.92
99.83,78.33
100.58,78.83
101.25,79.25
102.33,79.42
103.92,79.17
105,78.83
105,78.33
103.17,78.17
101,78.17
99.33,77.92
NaN,NaN
-80.5,73.75
-79.25,73.83
-77.83,73.78
-76.75,73.58
-76.42,73.17
-76.58,72.87
-78.17,72.98
-79.17,72.83
-80.5,72.98
-80.83,73.42
-80.5,73.75
NaN,NaN
-64.25,46.67
-64,46.92
-63.92,46.58
-63.33,46.42
-62.75,46.42
-62,46.5
-62.5,46.25
-62.5,45.92
-63.33,46.17
-63.92,46.42
-64.25,46.67
NaN,NaN
-64.42,49.83
-63.75,49.83
-63.08,49.75
-62.5,49.58
-62,49.42
-61.67,49.08
-62.25,49.08
-62.92,49.17
-63.5,49.33
-63.75,49.58
-64.42,49.83
NaN,NaN
-103.08,56.33
-102.17,56.58
-102.17,57
-102.17,57.42
-101.58,57.67
-102.08,58.17
-102.5,57.75
-102.83,57.42
-102.5,57
-102.75,56.67
-103.08,56.33
NaN,NaN
119,-9.42
119.5,-9.33
120,-9.33
120.5,-9.58
120.92,-10
120.42,-10.25
120,-9.92
119.67,-9.75
119.17,-9.75
119,-9.42
NaN,NaN
8.67,42.5
9.17,42.67
9.42,43
9.42,42.5
9.5,42.17
9.33,41.83
9.17,41.33
8.67,41.75
8.58,42.08
8.67,42.5
NaN,NaN
54.25,80.8
54.83,81.03
56.5,81.03
56.5,81.42
58.5,81.75
58.83,81.33
57.67,81
58.5,80.8
56.33,80.63
54.25,80.8
NaN,NaN
-78.25,25.17
-78,25.17
-77.75,24.67
-77.75,24.33
-77.5,24
-77.67,23.67
-77.92,24.17
-78.42,24.58
-78.17,24.83
-78.25,25.17
NaN,NaN
-74,-41.83
-73.42,-42
-73.33,-42.33
-73.67,-42.67
-73.5,-43
-73.75,-43.42
-74.33,-43.33
-74.17,-42.67
-74.17,-42.33
-74,-41.83
NaN,NaN
-164,-78.75
-161.67,-78.75
-160.67,-79.08
-160,-79.5
-160,-79.92
-161.67,-80.25
-163.67,-79.83
-163.67,-79.33
-163,-79.08
-164,-78.75
NaN,NaN
-172.92,-13.42
-172.2,-13.5
-172.13,-13.75
-171.67,-13.83
-171.33,-14
-171.92,-14
-172.13,-13.75
-172.67,-13.75
-172.92,-13.42
NaN,NaN
177.33,-18
177.42,-17.58
177.75,-17.33
178.25,-17.33
178.67,-17.58
178.67,-18
178.17,-18.17
177.75,-18.17
177.33,-18
NaN,NaN
120.42,13.42
120.83,13.42
121.25,13.33
121.58,13
121.58,12.5
121.17,12.17
120.92,12.5
120.75,13
120.42,13.42
NaN,NaN
-14.25,28.08
-14.25,28.33
-13.83,28.83
-13.67,29.08
-13.42,29.17
-13.5,28.92
-13.83,28.83
-13.83,28.25
-14.25,28.08
NaN,NaN
11.08,55.7
11.75,55.9
12.42,56.1
12.58,55.7
12.17,55.47
12.42,55.28
11.83,55.13
11.25,55.2
11.08,55.7
NaN,NaN
-80,56.25
-79.17,56.58
-78.92,56.33
-79.17,55.75
-79.17,56.17
-79.5,55.92
-80.08,55.92
-79.42,56.33
-80,56.25
NaN,NaN
-74,40.58
-73.92,40.83
-73.33,40.92
-72.83,41
-72.33,41.17
-72,41
-72.67,40.75
-73.33,40.67
-74,40.58
NaN,NaN
-67.17,18
-67.17,18.5
-66.58,18.5
-66,18.5
-65.67,18.25
-65.92,18
-66.33,18
-66.75,17.92
-67.17,18
NaN,NaN
-61,-62.67
-60.33,-62.5
-59.33,-62.33
-58.83,-62
-57.67,-62
-58.67,-62.25
-59.33,-62.33
-60.33,-62.75
-61,-62.67
NaN,NaN
-76.17,-70.58
-75.67,-70.25
-75.75,-70
-74.5,-69.75
-73.67,-69.92
-73.75,-70.25
-74,-70.5
-75,-70.58
-76.17,-70.58
NaN,NaN
-156.68,20.95
-156.47,20.9
-156.28,20.97
-155.98,20.73
-156.2,20.62
-156.43,20.57
-156.47,20.78
-156.68,20.95
NaN,NaN
178.58,-16.58
179.17,-16.42
179.83,-16.17
179.67,-16.5
179.92,-16.67
179.33,-16.67
178.75,-16.92
178.58,-16.58
NaN,NaN
159.5,-9.25
160.25,-9.33
160.83,-9.67
160.5,-9.92
160.08,-9.83
159.67,-9.83
159.42,-9.5
159.5,-9.25
NaN,NaN
154.67,-5.42
155.08,-5.5
155.58,-6.17
156,-6.58
155.5,-6.83
155.17,-6.5
154.83,-6
154.67,-5.42
NaN,NaN
130.08,-11.83
130.33,-11.33
130.75,-11.5
131.33,-11.33
131.5,-11.58
131,-12
130.67,-11.83
130.08,-11.83
NaN,NaN
146.5,75.58
147.33,75.42
149.25,75.33
151,75.17
150.5,74.75
149.25,74.75
147.25,75.08
146.5,75.58
NaN,NaN
146.92,44.42
147.42,45
147.92,45.33
148.33,45.25
148.83,45.5
148.17,45.08
147.5,44.75
146.92,44.42
NaN,NaN
-167.42,60.17
-166.75,60.25
-166.08,60.33
-165.5,60.25
-165.5,60
-166.17,59.83
-166.83,59.92
-167.42,60.17
NaN,NaN
-171.75,63.67
-170.5,63.67
-169.83,63.42
-168.83,63.33
-169.83,63.08
-170.75,63.42
-171.75,63.33
-171.75,63.67
NaN,NaN
-113.58,77.75
-112.25,77.87
-111.08,78.02
-110,78.03
-110.17,77.58
-111.75,77.33
-113.25,77.42
-113.58,77.75
NaN,NaN
-113.75,78.25
-113,78.5
-110.75,78.58
-108.92,78.38
-109.58,78.2
-111,78.17
-112,78.3
-113.75,78.25
NaN,NaN
-77.25,67.67
-76.5,68.25
-75.33,68.25
-74.83,67.92
-75,67.5
-75.67,67.25
-76.83,67.17
-77.25,67.67
NaN,NaN
-79,26.7
-78.7,26.5
-78.23,26.67
-77.93,26.67
-77.8,26.47
-78,26.6
-78.75,26.4
-79,26.7
NaN,NaN
-83.07,21.77
-82.87,21.98
-82.65,21.82
-82.5,21.53
-82.83,21.43
-83.05,21.47
-82.95,21.6
-83.07,21.77
NaN,NaN
-61.83,10
-61.5,10.17
-61.5,10.58
-61.67,10.67
-61,10.75
-61,10.25
-61.25,10
-61.83,10
NaN,NaN
-38,-54
-37,-54.08
-36.25,-54.33
-35.83,-54.58
-36,-54.92
-36.58,-54.5
-37.25,-54.25
-38,-54
NaN,NaN
-91.42,0.08
-91.08,-0.33
-90.83,-0.75
-91.17,-1.08
-91.5,-0.92
-91.17,-0.67
-91.5,-0.42
-91.42,0.08
NaN,NaN
-64.33,-64.67
-63.5,-64.25
-63,-64.58
-62.5,-64
-62,-64.33
-63,-64.58
-63.5,-64.83
-64.33,-64.67
NaN,NaN
166.75,-14.75
167,-15.25
167.17,-15
167.33,-15.5
166.83,-15.67
166.83,-15.25
166.75,-14.75
NaN,NaN
126,-3.25
126.5,-3.08
127,-3.17
127.17,-3.58
126.83,-3.83
126.33,-3.67
126,-3.25
NaN,NaN
134.08,-6.92
134.08,-6.33
134.25,-5.83
134.5,-5.42
134.67,-5.92
134.5,-6.5
134.08,-6.92
NaN,NaN
136.58,-35.92
136.83,-35.75
137.42,-35.67
138.08,-35.92
137.58,-36.17
136.83,-36.17
136.58,-35.92
NaN,NaN
18.08,57.5
18.42,57.78
19.17,57.93
18.75,57.7
18.75,57.28
18.25,57.08
18.08,57.5
NaN,NaN
140.58,73.5
141,73.83
142.25,73.92
143.5,73.5
143.5,73.17
141.58,73.25
140.58,73.5
NaN,NaN
155.17,50.27
155.67,50.42
156.08,50.75
156.08,50.5
155.83,50.2
155.17,50
155.17,50.27
NaN,NaN
53.33,12.42
53.67,12.67
54.17,12.58
54.58,12.5
54.08,12.25
53.67,12.25
53.33,12.42
NaN,NaN
-167.67,53.33
-167.17,53.67
-167.17,54
-166.42,54
-166.42,53.7
-167,53.5
-167.67,53.33
NaN,NaN
-97,77.67
-95,77.83
-92.5,77.8
-92.33,77.57
-93.17,77.35
-95.17,77.47
-97,77.67
NaN,NaN
-96.58,75
-95.67,75.55
-94.5,75.55
-93.75,75.2
-93.75,74.67
-95.33,74.82
-96.58,75
NaN,NaN
-83.67,62.17
-83.33,62.58
-82.58,62.75
-81.92,62.75
-81.92,62.67
-82.83,62.25
-83.67,62.17
NaN,NaN
-61.83,16.25
-61.58,16.17
-61.5,16.42
-61.33,16.17
-61.58,16.17
-61.75,15.92
-61.83,16.25
NaN,NaN
-159.82,22.03
-159.58,22.22
-159.3,22.22
-159.38,21.9
-159.62,21.9
-159.82,22.03
NaN,NaN
114.42,-8.17
115.25,-8
115.67,-8.25
115.17,-8.67
114.83,-8.33
114.42,-8.17
NaN,NaN
-15.8,28
-15.67,28.17
-15.37,28.08
-15.33,27.83
-15.67,27.75
-15.8,28
NaN,NaN
-16.83,28.33
-16.5,28.38
-16.17,28.58
-16.33,28.17
-16.58,28
-16.83,28.33
NaN,NaN
2.25,39.58
2.92,39.92
3.42,39.67
3.08,39.27
2.73,39.5
2.25,39.58
NaN,NaN
21.83,58.33
22.33,58.62
23.17,58.5
22.67,58.3
22.17,58.1
21.83,58.33
NaN,NaN
11,54.83
11.58,54.92
12.08,54.83
11.83,54.67
11.33,54.58
11,54.83
NaN,NaN
9.75,55.47
10.28,55.58
10.75,55.37
10.7,55.05
10.08,55.05
9.75,55.47
NaN,NaN
-7.25,57.58
-7,57.83
-7,58.17
-6.17,58.5
-6.42,58
-7.25,57.58
NaN,NaN
48.75,68.75
48.5,69.25
49.17,69.58
50.33,69.25
50,68.92
48.75,68.75
NaN,NaN
98.75,-1
99,-0.92
99.42,-1.67
99.08,-1.75
98.83,-1.5
98.75,-1
NaN,NaN
97.25,1.33
97.5,1.5
98,1
98,0.58
97.58,1
97.25,1.33
NaN,NaN
55.17,-21
55.58,-20.92
55.83,-21.17
55.75,-21.33
55.33,-21.33
55.17,-21
NaN,NaN
-169.17,52.75
-168.5,53.5
-168,53.58
-168,53.33
-168.33,53.17
-169.17,52.75
NaN,NaN
-119.5,75.58
-118.92,75.9
-117.75,76.13
-118.08,75.75
-118.5,75.48
-119.5,75.58
NaN,NaN
-105.67,77.67
-104.75,77.75
-104.58,77.43
-104,77.08
-105.33,77.18
-105.67,77.67
NaN,NaN
-82,53
-81.42,53.17
-81,53.08
-80.75,52.67
-81.42,52.83
-82,53
NaN,NaN
-80.08,62.33
-79.25,62.33
-79.33,61.92
-79.75,61.5
-80.17,61.75
-80.08,62.33
NaN,NaN
-73.67,20.92
-73.5,21.17
-73.17,21.08
-73,21.33
-73.17,20.92
-73.67,20.92
NaN,NaN
-83.08,45.83
-82.33,45.83
-81.75,45.92
-81.92,45.5
-82.42,45.67
-83.08,45.83
NaN,NaN
166.33,-77.58
166.67,-77.08
168.17,-77.33
169.67,-77.42
168.17,-77.67
166.33,-77.58
NaN,NaN
-158.28,21.58
-157.98,21.72
-157.67,21.3
-158.12,21.3
-158.28,21.58
NaN,NaN
-149.58,-17.47
-149.33,-17.53
-149.17,-17.83
-149.5,-17.73
-149.58,-17.47
NaN,NaN
-176.83,-43.77
-176.17,-43.8
-176.58,-44.17
-176.5,-43.9
-176.83,-43.77
NaN,NaN
161.25,-10.17
162,-10.33
162.33,-10.75
161.75,-10.67
161.25,-10.17
NaN,NaN
135.33,-0.67
135.92,-0.67
136.25,-1.08
135.83,-1.17
135.33,-0.67
NaN,NaN
130.33,-0.17
130.75,0
131.25,-0.25
130.75,-0.42
130.33,-0.17
NaN,NaN
113,-7
113.5,-7
114,-7
113.5,-7.3
113,-7
NaN,NaN
107.67,-3.08
107.75,-2.5
108.33,-2.67
108.08,-3.17
107.67,-3.08
NaN,NaN
131.17,-7.92
131.25,-7.42
131.58,-7.08
131.58,-7.58
131.17,-7.92
NaN,NaN
125.83,-7.92
126,-7.58
126.67,-7.5
126.42,-7.92
125.83,-7.92
NaN,NaN
8.5,3.33
8.67,3.75
8.92,3.58
8.75,3.25
8.5,3.33
NaN,NaN
27.67,36.17
28.25,36.45
28.08,36.08
27.75,35.88
27.67,36.17
NaN,NaN
22.33,58.88
22.5,59.08
23,58.83
22.42,58.72
22.33,58.88
NaN,NaN
-7.42,62.08
-7.25,62.3
-6.33,62.37
-6.92,62
-7.42,62.08
NaN,NaN
140.17,74.25
141,74.25
141,74
140.33,73.92
140.17,74.25
NaN,NaN
-180,71.53
-178.25,71.53
-177.42,71.17
-179.17,70.9
-180,71
-180,71.53
NaN,NaN
163.33,58.5
163.67,59
164.25,59.17
164.42,58.92
163.33,58.5
NaN,NaN
137.25,54.83
137.5,55.17
138.08,55
137.58,54.58
137.25,54.83
NaN,NaN
149.5,45.67
150,46.08
150.5,46.25
149.83,45.75
149.5,45.67
NaN,NaN
57.33,-20.5
57.5,-20
57.75,-20.17
57.75,-20.5
57.33,-20.5
NaN,NaN
172.5,52.92
172.83,53
173.33,52.83
172.92,52.75
172.5,52.92
NaN,NaN
-115.5,77.92
-114.25,78.08
-114.08,77.75
-114.83,77.7
-115.5,77.92
NaN,NaN
-77.57,26.87
-77.1,26.47
-77.3,25.97
-77.25,26.47
-77.57,26.87
NaN,NaN
-56.5,-63.25
-55.83,-63
-55,-63.42
-56,-63.5
-56.5,-63.25
NaN,NaN
-150.17,-76.58
-148.17,-76.17
-147.17,-76.42
-148.5,-76.75
-150.17,-76.58
NaN,NaN
-160.23,21.83
-160.1,21.98
-160.1,21.9
-160.23,21.83
NaN,NaN
167.33,-15.92
167.92,-16.42
167.5,-16.5
167.33,-15.92
NaN,NaN
161.5,-9.67
161.08,-9.17
160.83,-8.83
160.67,-8.33
161.5,-9.67
NaN,NaN
159.67,-8.33
159.33,-8.08
158.83,-7.75
158.5,-7.5
159.67,-8.33
NaN,NaN
127.33,-1.67
127.58,-1.33
128.17,-1.67
127.33,-1.67
NaN,NaN
124.33,-8.42
124.5,-8.08
125.17,-8.25
124.33,-8.42
NaN,NaN
167.58,-47.33
168,-46.67
168.25,-47
167.58,-47.33
NaN,NaN
53.17,80.25
54,80.5
55,80.28
53.17,80.25
NaN,NaN
180,71
178.83,70.83
178.67,71.12
180,71.53
180,71
NaN,NaN
127.75,26.08
127.83,26.42
128.17,26.58
128.25,26.83
127.75,26.08
NaN,NaN
-18.83,75.4
-17.92,75.05
-18.83,75
-18.83,75.4
NaN,NaN
-176.92,51.67
-176.75,51.92
-176.33,51.75
-176.92,51.67
NaN,NaN
-104.75,75.12
-104.25,75.47
-103.58,75.13
-104.75,75.12
NaN,NaN
-99.5,79.9
-98.83,80.17
-97.67,79.75
-99.5,79.9
NaN,NaN
-61.17,14.83
-60.9,14.65
-60.83,14.48
-61.17,14.83
NaN,NaN
-69.13,12.35
-68.9,12.2
-68.8,12.07
-69.13,12.35
NaN,NaN
-46.33,-60.63
-46,-60.33
-45,-60.7
-46.33,-60.63
NaN,NaN
157.33,-7.25
156.92,-7
156.33,-6.58
157.33,-7.25
NaN,NaN
26,39.22
26.25,39.3
26.25,39.05
26,39.22
NaN,NaN
-1.55,60.23
-1.25,60.42
-1.25,60
-1.55,60.23
NaN,NaN
145.5,43.83
145.83,44.08
146.17,44.33
145.5,43.83
NaN,NaN
92.67,11.83
92.83,12.58
92.92,13.33
92.67,11.83
NaN,NaN
-174.83,52.08
-174.33,52.17
-174.17,52.42
-174.83,52.08
NaN,NaN
-178.25,51.92
-177.83,51.78
-178.08,51.58
-178.25,51.92
NaN,NaN
-76,35.08
-75.58,35.25
-75.42,35.58
-76,35.08
NaN,NaN
-72.47,21.67
-72.1,21.9
-71.47,21.67
-72.47,21.67
NaN,NaN
-74.33,22.83
-73.83,22.57
-74.2,22.2
-74.33,22.83
NaN,NaN
-76.73,25.5
-76.13,25.13
-76.13,24.67
-76.73,25.5
NaN,NaN
-157.22,21.13
-156.8,21.13
-157.22,21.13
NaN,NaN
157.83,-8.5
157.25,-8
157.83,-8.5
NaN,NaN
147.17,-2.08
146.67,-2.08
147.17,-2.08
NaN,NaN
125.25,-1.75
124.5,-1.75
125.25,-1.75
NaN,NaN
-25.83,37.8
-25.17,37.8
-25.83,37.8
NaN,NaN
-28.67,38.57
-28.17,38.4
-28.67,38.57
NaN,NaN
26,38.25
26,38.5
26,38.25
NaN,NaN
-3.25,59.17
-2.75,58.93
-3.25,59.17
NaN,NaN
151.75,46.83
152.17,47.17
151.75,46.83
NaN,NaN
129.33,28.17
129.67,28.42
129.33,28.17
NaN,NaN
95.92,2.75
96.5,2.42
95.92,2.75
NaN,NaN
-9,70.83
-8,71.17
-9,70.83
NaN,NaN
165.83,55.25
166.67,54.67
165.83,55.25
NaN,NaN
-81.82,24.55
-81.3,24.67
-81.82,24.55
NaN,NaN
-73.13,22.42
-72.73,22.33
-73.13,22.42
NaN,NaN
-75.3,23.67
-74.83,22.87
-75.3,23.67
NaN,NaN
-75.67,24.67
-75.3,24.17
-75.67,24.67
NaN,NaN
